,full_id,NFA,building_usage,yearly_demand_useful_renovated,yearly_demand_delivered_renovated,yearly_demand_delivered_renovated_DH,consumer_size_renovated,npv_Gas_25years_ir_0.05,npv_DH_25years_ir_0.05,savings_npv_25years_ir_0.05,operator_selling_price
0,w24853838,27974.42320393324,trade,1197392.8826751309,1330436.536305701,1496741.1033439136,nr2,-5212597.118448484,-6108465.422371854,-895868.3039233703,0.25366279400032116
1,w24853840,937.1926232803613,trade,88019.54120636193,97799.49022929103,110024.4265079524,nr2,-383174.4897584475,-496981.72359908145,-113807.23384063394,0.25366279400032116
2,w24853841,8998.296452549099,trade,370411.49455784855,411568.3272864984,463014.36819731066,nr2,-1612508.2394500019,-2107474.4778386373,-494966.23838863545,0.25366279400032116
3,w25538793,404.8852469230536,trade,30724.044681390333,34137.827423767034,38405.05585173791,nr1,-145292.57556386807,-210771.91557866984,-65479.34001480177,0.27555247673131333
4,w27689586,5481.69515059907,office,239232.2588022705,265813.6208914117,299040.3235028381,nr2,-1041447.1314432987,-888142.7694353197,153304.36200797895,0.25366279400032116
5,w28994179,16672.165487814695,other,602602.7887910821,669558.6542123135,753253.4859888526,nr2,-2623304.01814627,-2237145.2428107043,386158.7753355657,0.25366279400032116
6,w28994181,2845.002712316811,trade,324149.90597616514,360166.56219573907,405187.3824702064,nr2,-1411118.1804102426,-1203397.0529192593,207721.12749098334,0.25366279400032116
7,w29249266,23411.247439788887,trade,2697249.5326306587,2996943.9251451762,3371561.915788323,nr2,-11741906.39092155,-10013460.064968374,1728446.3259531762,0.25366279400032116
8,w30213059,1747.46707642246,ab,186541.77691087977,207268.64101208863,233177.2211385997,r2,-868956.3814882182,-929267.8141139064,-60311.43262568815,0.25366279400032116
9,w50930444,8762.936898044496,other,330222.16830016905,366913.5203335212,412777.7103752113,nr2,-1437552.4924481185,-1944537.8144675605,-506985.322019442,0.25366279400032116
10,w50930445,4934.112452852726,other,202146.16980193532,224606.85533548368,252682.71225241915,nr2,-880000.6726788365,-1261752.8518889202,-381752.1792100837,0.25366279400032116
11,w50930458,1974.6456010334193,other,60554.61203303029,67282.90225892254,75693.26504128786,nr2,-263611.71905994945,-524852.3587668039,-261240.63970685442,0.25366279400032116
12,w50930471,4724.4749339554455,other,258143.60911438576,286826.2323493175,322679.5113929822,nr2,-1123773.7024202931,-1459187.06975533,-335413.36733503686,0.25366279400032116
13,w50930472,9715.957844087014,other,1058464.4972369291,1176071.663596588,1323080.6215461614,nr2,-4607801.7233163845,-3929518.5132283983,678283.2100879862,0.25366279400032116
14,w50930478,6019.835157379508,trade,680901.6527717811,756557.3919686456,851127.0659647263,nr2,-2964161.591854026,-2527827.487118458,436334.10473556817,0.25366279400032116
15,w50930479,4489.048651921749,other,185541.01142931575,206156.6793659064,231926.26428664467,nr2,-807713.6214220091,-1076078.3526559132,-268364.73123390414,0.25366279400032116
16,w50930480,4441.97852948606,other,168700.98991545063,187445.54435050068,210876.23739431327,nr2,-734404.1430646037,-996285.2955975981,-261881.1525329944,0.25366279400032116
17,w50930481,1370.623297881335,other,62080.660377160784,68978.51153017864,77600.82547145098,nr2,-270255.0483433639,-408330.0603431083,-138075.0119997444,0.25366279400032116
18,w50930482,1573.369959426485,other,63379.87619939754,70422.08466599727,79224.84524924692,nr2,-275910.910132106,-406261.75813842664,-130350.84800632065,0.25366279400032116
19,w50930483,704.9254127380437,other,45123.70064816985,50137.445164633165,56404.62581021231,nr1,-213387.87760963838,-292442.737342942,-79054.8597333036,0.27555247673131333
20,w50930486,509.32494937628496,trade,30466.044901173256,33851.16100130362,38082.55612646657,nr1,-144072.5066259605,-203738.49143105646,-59665.98480509597,0.27555247673131333
21,w98916060,2713.01504517002,other,226605.19701500298,251783.55223889218,283256.4962687537,nr2,-986477.8838061058,-841265.1715656955,145212.71224041027,0.25366279400032116
22,w98916062,151.14776481509907,trade,11092.043274505519,12324.492527228354,13865.054093131897,nr1,-52453.75575810613,-81926.2837286133,-29472.527970507173,0.27555247673131333
23,w98916065,222.67857759937178,other,20948.500685227787,23276.111872475318,26185.625856534734,nr1,-99064.48354443899,-139518.77206185568,-40454.28851741669,0.27555247673131333
24,w98916067,43210.64675020873,trade,3034378.024269405,3371531.1380771166,3792972.530336756,nr2,-13209524.10394565,-11265039.73787136,1944484.3660742901,0.25366279400032116
25,w98916074,4745.314506876469,trade,491122.8611791089,545692.0679767877,613903.5764738861,nr2,-2137999.6891805213,-1823279.2694614313,314720.41971909,0.25366279400032116
26,w98916075,67.06430839556852,sfh,8538.96409194254,9487.737879936156,10673.705114928174,r1,-43210.762571852014,-66711.67667518294,-23500.914103330928,0.27556347166069045
27,w98916076,98.82164086105185,sfh,13728.213996145805,15253.571106828673,17160.267495182256,r1,-69470.55745120045,-95379.88411926417,-25909.326668063717,0.27556347166069045
28,w98916079,3334.9361924076916,trade,133751.88480733606,148613.2053414845,167189.85600917006,nr2,-582260.5925100795,-885110.472647872,-302849.88013779256,0.25366279400032116
29,w98916080,2976.303781049745,other,104082.21116258297,115646.90129175886,130102.76395322871,nr2,-453099.93222585815,-664722.6754335379,-211622.74320767977,0.25366279400032116
30,w98916086,294.4025758753764,other,20686.516731325537,22985.018590361706,25858.14591415692,nr1,-97825.57363483586,-155970.9138675729,-58145.34023273704,0.27555247673131333
31,w98916091,1116.7099465291947,trade,65522.69205707044,72802.99117452271,81903.36507133805,nr2,-285239.20657238306,-243251.07941451194,41988.12715787112,0.25366279400032116
32,w98916094,150.05011938810347,trade,13612.2294499376,15124.699388819556,17015.286812422,nr1,-64371.598741545364,-107105.4510991498,-42733.85235760443,0.27555247673131333
33,w98916098,15131.85493721813,trade,1389797.224493673,1544219.1383263033,1737246.5306170913,nr2,-6050188.799718247,-5159581.580239698,890607.2194785485,0.25366279400032116
34,w98916102,1892.1415951219387,trade,73425.17962658805,81583.53291843117,91781.47453323506,nr2,-319641.01781533373,-515387.2660560487,-195746.24824071495,0.25366279400032116
35,w98916109,81.43322088830173,sfh,9629.8057932929,10699.784214769888,12037.257241616126,r1,-48730.88202111911,-75732.50928196953,-27001.627260850415,0.27556347166069045
36,w98916113,559.2398283889517,trade,50271.6825643969,55857.425071552105,62839.60320549612,nr2,-218847.1565734443,-309675.5709109787,-90828.4143375344,0.25366279400032116
37,w98916116,6987.1012714248145,other,358101.17313169746,397890.1923685527,447626.4664146218,nr2,-1558917.854103992,-1953116.4568095764,-394198.6027055844,0.25366279400032116
38,w98916121,458.57296650111675,other,22475.134293848154,24972.371437609057,28093.917867310192,nr1,-106283.86273877943,-155332.8589786735,-49048.99623989407,0.27555247673131333
39,w98916126,1235.1179318586364,trade,54455.49615433791,60506.10683815323,68069.37019292239,nr2,-237060.50574112026,-356592.6933351116,-119532.18759399134,0.25366279400032116
40,w99055014,379.03616306802724,mfh,51250.231128429565,56944.70125381063,64062.788910536954,r2,-238735.88066586922,-288596.7049747769,-49860.82430890767,0.25366279400032116
41,w99055018,363.825429549627,mfh,39011.950831555296,43346.61203506144,48764.93853944412,r1,-197416.9380145045,-230127.2698524859,-32710.331837981386,0.27556347166069045
42,w99055022,32.828185592684896,sfh,3912.1656857345315,4346.850761927257,4890.207107168164,r0,-24292.64594062861,-35764.39403861676,-11471.748097988151,0.3381368364046027
43,w99055023,57.57688737055287,sfh,7638.842228320924,8487.602475912137,9548.552785401154,r1,-38655.76600366309,-53219.193802820264,-14563.427799157173,0.27556347166069045
44,w99055025,2922.078992408514,trade,131771.14343422168,146412.38159357963,164713.9292927771,nr2,-573637.8531207981,-772617.5505563333,-198979.69743553514,0.25366279400032116
45,w99055028,168.94065034445376,ab,18863.996140229203,20959.99571136578,23579.9951752865,r1,-95459.78289578942,-116116.9681410989,-20657.185245309476,0.27556347166069045
46,w99055030,502.22660109587014,other,33719.73290267432,37466.369891860355,42149.66612834289,nr1,-159459.04556383938,-231431.94365128502,-71972.89808744565,0.27555247673131333
47,w99055036,2513.4158389533286,other,94056.81089942587,104507.56766602874,117571.01362428232,nr2,-409456.4687652492,-608866.5000078771,-199410.03124262794,0.25366279400032116
48,w99055038,337.97397138923407,other,24561.514626422148,27290.57180713572,30701.893283027683,nr1,-116150.25810660956,-177084.63131633084,-60934.37320972128,0.27555247673131333
49,w99055039,2475.299022556655,other,95255.37369289662,105839.30410321847,119069.21711612078,nr2,-414674.15884335217,-569780.7138549386,-155106.55501158646,0.25366279400032116
50,w99055040,101.95110847079195,trade,7536.8851086504455,8374.316787389384,9421.106385813056,nr1,-35641.57846144733,-63900.44544559864,-28258.86698415131,0.27555247673131333
51,w99055041,189.90211718752977,ab,21595.11692946048,23994.5743660672,26993.8961618256,r1,-109280.40688575104,-142322.79689017046,-33042.390004419416,0.27556347166069045
52,w99055043,190.2007592998445,sfh,29155.98911223378,32395.543458037533,36444.98639029222,r1,-147541.61154806198,-187159.5206216407,-39617.90907357872,0.27556347166069045
53,w99055048,47.74609960326925,sfh,5769.180841789516,6410.2009353216845,7211.476052236895,r1,-29194.490210337983,-47581.04855512413,-18386.558344786146,0.27556347166069045
54,w99055050,194.95880112051967,trade,16984.909900636445,18872.122111818273,21231.137375795555,nr1,-80320.84742665592,-124398.41605574945,-44077.56862909353,0.27555247673131333
55,w99055053,122.33706042193808,ab,14174.508663259385,15749.454070288204,17718.13582907423,r1,-71728.9968461999,-105249.42396047515,-33520.427114275255,0.27556347166069045
56,w99055057,303.91877080444243,ab,36040.58788819037,40045.09765354486,45050.73486023796,r1,-182380.58731926078,-219263.07677965067,-36882.48946038989,0.27556347166069045
57,w99055067,194.8848727118224,sfh,21931.666176569037,24368.517973965598,27414.582720711296,r1,-110983.48813237039,-140111.82094592063,-29128.332813550238,0.27556347166069045
58,w99055068,348.37368724122643,ab,40200.04013772175,44666.71126413528,50250.05017215219,r1,-203429.171392012,-279681.7103490656,-76252.53895705359,0.27556347166069045
59,w99055094,263.70872883694244,other,16614.595860209945,18460.66206689994,20768.24482526243,nr1,-78569.6495860403,-128859.40569212729,-50289.75610608699,0.27555247673131333
60,w99055100,85.6876405166462,sfh,12089.433153049305,13432.703503388117,15111.79144131163,r1,-61177.634661518954,-85466.06649798014,-24288.431836461183,0.27556347166069045
61,w99055110,94.65369866762775,sfh,12604.978915374657,14005.532128194063,15756.22364421832,r1,-63786.51382893297,-97465.382512011,-33678.86868307803,0.27556347166069045
62,w99055113,801.3236896117684,education,39333.930829421224,43704.367588245805,49167.41353677653,nr1,-186008.3259389086,-269168.50856094965,-83160.18262204106,0.27555247673131333
63,w99055118,54.3237798044458,other,6219.479772060365,6910.533080067072,7774.349715075456,nr1,-29411.630015541876,-47539.96571098065,-18128.335695438775,0.27555247673131333
64,w99055131,500.74276516167447,th,69240.53713621371,76933.93015134857,86550.67142026713,r2,-322539.0451326601,-406576.080653716,-84037.03552105592,0.25366279400032116
65,w99055135,663.0715527065098,ab,68880.52212837798,76533.91347597554,86100.65266047248,r2,-320862.00879436114,-361391.92311382294,-40529.914319461794,0.25366279400032116
66,w99055142,64.54166975589469,sfh,9032.758360397225,10036.398178219139,11290.947950496531,r1,-45709.56999905161,-63102.50204050131,-17392.932041449705,0.27556347166069045
67,w99055146,149.08371188635937,sfh,17342.70904751041,19269.67671945601,21678.38630938801,r1,-87761.4280767167,-104431.0994495656,-16669.671372848912,0.27556347166069045
68,w99055147,57.659734526090325,sfh,7330.462267285426,8144.958074761584,9163.077834106782,r1,-37095.23323472969,-56713.10745949047,-19617.87422476078,0.27556347166069045
69,w99055152,1635.3717537612654,other,76892.01538215307,85435.57264683674,96115.01922769133,nr2,-334733.15535102616,-473459.64978825295,-138726.4944372268,0.25366279400032116
70,w99055158,567.1104306213557,trade,39120.40099323338,43467.11221470375,48900.50124154172,nr1,-184998.55329402452,-268931.8897576265,-83933.336463602,0.27555247673131333
71,w99055160,362.3993257842958,ab,41269.65009818708,45855.16677576342,51587.06262273384,r1,-208841.84927055793,-265152.22406072187,-56310.37479016394,0.27556347166069045
72,w99055171,150.93386064656082,sfh,16885.70894548665,18761.8988283185,21107.136181858314,r1,-85448.81466234545,-108418.27043317426,-22969.455770828805,0.27556347166069045
73,w99055172,71.28885925472714,sfh,9019.499646113589,10021.666273459543,11274.374557641986,r1,-45642.475308319874,-69591.67413481885,-23949.198826498978,0.27556347166069045
74,w99055173,413.9677898917347,ab,46033.80958093352,51148.67731214836,57542.2619761669,r1,-232950.50718816742,-270882.549860219,-37932.04267205158,0.27556347166069045
75,w99055181,184.62117180265486,other,15209.502381678169,16899.44709075352,19011.87797709771,nr1,-71925.02800314271,-111761.66551746266,-39836.637514319955,0.27555247673131333
76,w99055182,84.81555104400032,sfh,9995.399856476368,11105.999840529297,12494.24982059546,r1,-50580.94229679193,-78778.65250165951,-28197.71020486758,0.27556347166069045
77,w99055185,136.9722994968528,education,10840.570650859518,12045.07850095502,13550.713313574397,nr1,-51264.55343945888,-88990.65498127301,-37726.101541814125,0.27555247673131333
78,w99055186,41.49024544628337,sfh,5137.404922484948,5708.227691649942,6421.756153106185,r1,-25997.437388269864,-40965.7531886723,-14968.315800402437,0.27556347166069045
79,w99055192,160.51305735595523,ab,18121.209085465063,20134.67676162785,22651.511356831328,r1,-91700.96687088719,-126348.99695364496,-34648.030082757774,0.27556347166069045
80,w99055193,133.23216011486946,other,9055.86994602939,10062.077717810433,11319.837432536737,nr1,-42824.786973018316,-69375.236807376,-26550.449834357685,0.27555247673131333
81,w99055199,594.2030242990702,ab,69499.33638341566,77221.48487046185,86874.17047926957,r2,-323744.5941582165,-367147.8380229889,-43403.243864772376,0.25366279400032116
82,w99055201,119.5810925271362,sfh,16186.140935837673,17984.601039819638,20232.67616979709,r1,-81908.70524833244,-113963.68881881378,-32054.983570481345,0.27556347166069045
83,w99055202,635.4450178422034,ab,74224.65462412336,82471.83847124818,92780.8182801542,r2,-345756.2609699212,-420107.9672184824,-74351.70624856121,0.25366279400032116
84,w99055209,191.61494707558305,other,19092.937557201116,21214.375063556796,23866.171946501392,nr1,-90289.61198087693,-133734.7673665779,-43445.15538570097,0.27555247673131333
85,w99055216,463.1840371862054,education,30329.625776782435,33699.58419642493,37912.03222097804,nr1,-143427.38694382057,-203040.30872627778,-59612.92178245721,0.27555247673131333
86,w99055219,773.0541430711745,other,89363.99007406665,99293.3223045185,111704.9875925833,nr2,-389027.26406093215,-522295.08782912185,-133267.8237681897,0.25366279400032116
87,w99055224,318.955577952601,ab,39326.77401159415,43696.415568437944,49158.46751449268,r1,-199010.0761912549,-236947.53831890083,-37937.46212764594,0.27556347166069045
88,w99055226,262.56915004737675,ab,28811.221455015977,32012.468283351085,36014.02681876997,r1,-145796.9416773279,-175901.2219574819,-30104.280280153995,0.27556347166069045
89,w99055235,1694.7837025728077,trade,149404.7926523063,166005.3251692292,186755.99081538286,nr2,-650402.2221360579,-834923.2779276185,-184521.05579156056,0.25366279400032116
90,w99055245,424.4345906373113,ab,47895.25638616388,53216.95154018208,59869.07048270485,r1,-242370.21373276346,-285561.45761229313,-43191.24387952968,0.27556347166069045
91,w99055249,70.42309986636974,sfh,9527.919340341607,10586.577044824007,11909.899175427008,r1,-48215.29356327316,-76555.78617703186,-28340.492613758695,0.27556347166069045
92,w99055257,137.79457132667304,trade,8302.741753787854,9225.268615319837,10378.427192234816,nr1,-39263.27884753342,-68653.08438461485,-29389.805537081433,0.27555247673131333
93,w99055287,226.3710821658373,mfh,29327.158711257514,32585.731901397237,36658.94838907189,r1,-148407.801969206,-178384.6837910735,-29976.881821867515,0.27556347166069045
94,w99055292,58.725108856521544,trade,5742.2884325185605,6380.320480576178,7177.8605406482,nr1,-27155.01440787106,-50417.18750883505,-23262.17310096399,0.27555247673131333
95,w99055300,847.1402418442303,other,76273.07353797425,84747.85948663806,95341.34192246781,nr2,-332038.7227047876,-461626.99264162127,-129588.26993683365,0.25366279400032116
96,w99389931,488.4274571448564,mfh,51882.65252404952,57647.39169338835,64853.315655061895,r2,-241681.85135733633,-279348.56988279615,-37666.718525459815,0.25366279400032116
97,w99389943,3490.8252122399163,ab,329651.0091598724,366278.89906652493,412063.7614498405,r2,-1535593.542728794,-1661656.8300269379,-126063.28729814384,0.25366279400032116
98,w99389949,2474.179022271931,ab,284257.7582638273,315841.9536264748,355322.1978297841,r2,-1324140.882119375,-1557773.5693719522,-233632.68725257716,0.25366279400032116
99,w99389956,671.7147096479312,education,46899.24791118664,52110.27545687404,58624.0598889833,nr1,-221784.35787629228,-189136.9882105327,32647.369665759586,0.27555247673131333
100,w99389960,693.6997662768932,ab,80098.50062143736,88998.33402381929,100123.12577679669,r2,-373118.045808518,-446024.0223226424,-72905.97651412437,0.25366279400032116
101,w99389971,1612.9015118613836,education,79005.85520261421,87784.28355846023,98757.31900326777,nr2,-343935.3107307879,-513910.5744340371,-169975.26370324916,0.25366279400032116
102,w99389974,235.12884147074072,education,10047.192716967635,11163.547463297371,12558.990896209543,nr1,-47512.70616133952,-82642.4483981341,-35129.742236794584,0.27555247673131333
103,w99389975,1082.0712234761565,mfh,111466.82540481444,123852.0282275716,139333.53175601806,r2,-519239.2335043601,-572298.7730226088,-53059.539518248755,0.25366279400032116
104,w99389979,163.53384786918758,ab,21228.517390207166,23587.241544674627,26535.646737758954,r1,-107425.2584767569,-142517.840846788,-35092.58237003109,0.27556347166069045
105,w99389992,2569.363114476204,other,222880.7619206125,247645.2910229028,278600.9524007656,nr2,-970264.3419337884,-827438.315121356,142826.02681243233,0.25366279400032116
106,w99390006,431.6004564465955,education,13943.155864366083,15492.395404851202,17428.944830457604,nr1,-65936.53433427197,-133898.9013702501,-67962.36703597812,0.27555247673131333
107,w99390011,2554.974828636646,ab,247425.31787724234,274917.0198636026,309281.6473465529,r2,-1152566.5321280693,-1250911.0382197928,-98344.50609172345,0.25366279400032116
108,w99390014,587.280543653667,trade,43622.5019390578,48469.44659895311,54528.12742382225,nr1,-206288.77886981147,-293471.72557565325,-87182.94670584178,0.27555247673131333
109,w99390021,1617.1983746248297,other,56431.07453005592,62701.19392228436,70538.8431625699,nr2,-245660.76911125987,-377979.137230458,-132318.36811919816,0.25366279400032116
110,w99390022,5590.431437242403,education,501507.8998853299,557230.9998725888,626884.8748566624,nr2,-2183208.7626753324,-1861833.42216397,321375.3405113623,0.25366279400032116
111,w99390025,237.89438336268066,education,22880.136119028128,25422.373465586807,28600.170148785157,nr1,-108199.0974970503,-92271.84290023112,15927.254596819184,0.27555247673131333
112,w99390027,116.0190749399364,mfh,12111.38188864718,13457.090987385754,15139.227360808974,r1,-61288.70452812806,-70577.74786728714,-9289.043339159078,0.27556347166069045
113,w99390046,1095.085822885856,mfh,104637.32667388588,116263.69630431764,130796.65834235735,r2,-487425.78880107903,-526798.5911771328,-39372.80237605376,0.25366279400032116
114,w99390052,1678.6958267321402,education,80452.87476272321,89392.08306969245,100566.093453404,nr2,-350234.60488769936,-558729.0301829013,-208494.42529520195,0.25366279400032116
115,w99390065,2581.633286331594,education,86800.34062073754,96444.82291193059,108500.42577592192,nr2,-377866.95740930067,-574282.4972939851,-196415.53988468443,0.25366279400032116
116,w99390082,124.21957990797236,education,9140.033185312222,10155.592428124692,11425.041481640277,nr1,-43222.79100959647,-69305.10371821775,-26082.312708621284,0.27555247673131333
117,w99390107,332.09000708311794,education,26712.358260262183,29680.39806695798,33390.44782532773,nr1,-126321.49742214965,-107726.56736232298,18594.93005982667,0.27555247673131333
118,w99390110,1066.5973296171287,mfh,111016.92938734422,123352.1437637158,138771.16173418026,r2,-517143.50984470145,-585520.4514114242,-68376.94156672276,0.25366279400032116
119,w99390116,694.0162199864862,ab,76366.64546448652,84851.8282938739,95458.30683060814,r2,-355734.1685499059,-412425.69826629595,-56691.52971639007,0.25366279400032116
120,w99390122,307.42072394330467,other,23978.9127918091,26643.236435343442,29973.640989761374,nr1,-113395.16117985512,-187815.99426768924,-74420.83308783412,0.27555247673131333
121,w99390129,1196.3697846690193,trade,62972.859261591475,69969.84362399053,78716.07407698935,nr2,-274139.0478236983,-366277.6620715272,-92138.6142478289,0.25366279400032116
122,w99390130,964.417538562417,education,49512.76423577884,55014.18248419871,61890.95529472355,nr1,-234143.55478594318,-327021.16125285276,-92877.60646690958,0.27555247673131333
123,w99390133,9252.387912133521,education,680645.1328091653,756272.3697879614,850806.4160114565,nr2,-2963044.8863538494,-2526875.1642538337,436169.72210001573,0.25366279400032116
124,w99390139,1249.1388426542283,ab,101272.3942615666,112524.88251285178,126590.49282695825,r2,-471751.1257771586,-564496.6771487595,-92745.55137160089,0.25366279400032116
125,w99390141,112.67489476799965,other,7161.259483685899,7956.954981873221,8951.574354607374,nr1,-33865.262385070084,-61375.96958649154,-27510.707201421457,0.27555247673131333
126,w99758761,171.36210507287177,trade,18702.739494504167,20780.821660560185,23378.424368130207,nr1,-88444.38352553587,-138201.20224649287,-49756.818720957,0.27555247673131333
127,w99758765,309.03573338240386,trade,17633.22369336,19592.4707704,22041.529616699998,nr1,-83386.69314115065,-126756.5107143108,-43369.81757316015,0.27555247673131333
128,w99758770,601.7205038767308,mfh,67803.20632134694,75336.89591260771,84754.00790168367,r2,-315843.6131250362,-371082.71448790736,-55239.10136287118,0.25366279400032116
129,w99758771,976.6668764967471,mfh,93790.2658837786,104211.40653753177,117237.83235472324,r2,-436897.5754965738,-489774.39011233,-52876.81461575616,0.25366279400032116
130,w99758774,197.5460334163159,ab,21548.287941595398,23942.54215732822,26935.359926994246,r1,-109043.43244080312,-148706.18388055408,-39662.75143975095,0.27556347166069045
131,w99758775,265.071225726977,sfh,27414.764697100116,30460.849663444573,34268.45587137514,r1,-138730.28104280206,-178919.36954096955,-40189.08849816749,0.27556347166069045
132,w99758777,337.6781565959565,ab,38785.81336494016,43095.34818326684,48482.26670617519,r1,-196272.58698160492,-250165.4999795474,-53892.912997942476,0.27556347166069045
133,w99758783,333.3155570875853,th,46165.858494498185,51295.3983272202,57707.32311812273,r1,-233618.73042818526,-199219.85201519213,34398.87841299313,0.27556347166069045
134,w99758786,182.17889552428386,mfh,24975.758120688377,27750.84235632042,31219.69765086047,r1,-126387.8782700861,-144900.43312083,-18512.55485074391,0.27556347166069045
135,w99758788,349.08404515869915,other,29695.324703960447,32994.80522662272,37119.15587995056,nr1,-140427.80672875038,-199361.0306020962,-58933.22387334582,0.27555247673131333
136,w99758792,60.93018751584459,sfh,7098.129910688255,7886.811011875839,8872.662388360319,r1,-35919.53344367983,-58589.75939178645,-22670.22594810662,0.27556347166069045
137,w99758793,126.39461716674268,ab,14533.912444621437,16148.79160513493,18167.390555776794,r1,-73547.73168296022,-99869.65818610317,-26321.926503142953,0.27556347166069045
138,w99758796,906.0679207786917,ab,92578.39928517047,102864.88809463385,115722.99910646307,r2,-431252.4099373541,-469517.89582485874,-38265.48588750465,0.25366279400032116
139,w99758800,420.9761067721993,ab,43617.35169245246,48463.724102724955,54521.68961556557,r1,-220722.21029410238,-257269.26237616484,-36547.052082062466,0.27556347166069045
140,w99758801,293.7319820257835,mfh,30453.792851169546,33837.547612410606,38067.241063961934,r1,-154109.04626545723,-180405.34335204383,-26296.297086586594,0.27556347166069045
141,w99758803,512.6721141899004,mfh,56071.10035591353,62301.2226176817,70088.8754448919,r2,-261192.64691369867,-299452.62330091314,-38259.97638721447,0.25366279400032116
142,w99758805,165.76912949401884,sfh,21149.48042883679,23499.42269870754,26436.850536045986,r1,-107025.29809100021,-146894.72021445964,-39869.42212345943,0.27556347166069045
143,w99758807,110.8734177275095,other,10633.353902934445,11814.837669927161,13291.692378668055,nr1,-50284.63509478083,-79758.92485991126,-29474.28976513043,0.27555247673131333
144,w99758813,43.0509613757953,other,4335.785169212401,4817.539076902668,5419.731461515501,nr0,-25141.01732358326,-38403.22338662022,-13262.206063036963,0.33787369109484405
145,w99758814,84.92593946289271,th,9884.973779293656,10983.304199215172,12356.217224117068,r1,-50022.13973578974,-64616.812395008485,-14594.672659218748,0.27556347166069045
146,w99758818,424.19755738042295,mfh,42981.25264898336,47756.94738775929,53726.5658112292,r1,-217503.28063898627,-255223.4769984461,-37720.196359459835,0.27556347166069045
147,w99758821,35.03456762442365,sfh,4362.174934958981,4846.861038843312,5452.718668698726,r0,-27086.984483415843,-47206.87329204352,-20119.88880862768,0.3381368364046027
148,w99758824,478.7830200769007,ab,54415.092655594315,60461.21406177146,68018.86581949289,r2,-253478.5654740569,-346227.5707024906,-92749.00522843367,0.25366279400032116
149,w99758826,392.0728006519377,ab,50422.93344994148,56025.48161104609,63028.666812426854,r2,-234882.1294632308,-286605.1166446734,-51722.987181442586,0.25366279400032116
152,w99758837,194.723237061128,mfh,27818.768765056746,30909.743072285273,34773.46095632093,r1,-140774.71215535456,-172167.03670820317,-31392.324552848615,0.27556347166069045
153,w99758838,478.1149431033991,ab,49879.55482966044,55421.727588511596,62349.443537075545,r1,-252411.60142222958,-301550.30733925535,-49138.70591702577,0.27556347166069045
154,w99758842,66.20839738831855,sfh,9098.77198804681,10109.746653385344,11373.464985058512,r1,-46043.62681907788,-61196.82270911036,-15153.195890032483,0.27556347166069045
155,w99758845,141.8255072105676,th,20597.68337727332,22886.31486363702,25747.104221591646,r1,-104232.97209849997,-149889.1815987267,-45656.209500226716,0.27556347166069045
156,w99758846,563.5821329504251,other,39110.73926488373,43456.37696098192,48888.424081104655,nr1,-184952.86343089372,-262687.3404439632,-77734.47701306947,0.27555247673131333
157,w99758847,385.25146163031457,sfh,48245.97195129891,53606.635501443234,60307.46493912364,r1,-244144.98252814962,-307087.93746391713,-62942.95493576751,0.27556347166069045
158,w99758850,177.17881421931088,ab,22322.486341848085,24802.762602053426,27903.107927310106,r1,-112961.20313249553,-140428.78761699164,-27467.58448449611,0.27556347166069045
159,w99758852,422.9061155930161,other,27630.39919965029,30700.443555166985,34537.99899956286,nr1,-130662.87024398915,-192970.60969909345,-62307.739455104296,0.27555247673131333
160,w99758858,57.38898355839774,sfh,6590.511049374096,7322.7900548601065,8238.13881171762,r1,-33350.76774129941,-54018.90892577317,-20668.14118447376,0.27556347166069045
161,w99758862,402.33381934519855,sfh,47385.93913186298,52651.04347984775,59232.42391482872,r1,-239792.85344498442,-330299.27013252326,-90506.41668753885,0.27556347166069045
162,w99758864,101.365438436158,other,10686.907379847416,11874.341533163795,13358.63422480927,nr1,-50537.886991520805,-79917.01218056305,-29379.125189042243,0.27555247673131333
163,w99758865,63.831228005420414,other,4034.3888558582253,4482.654284286917,5042.986069822781,nr0,-23393.373093166294,-39579.0187543858,-16185.645661219503,0.33787369109484405
164,w99758868,445.0926624152809,ab,49002.607042031916,54447.341157813236,61253.258802539895,r1,-247973.87546026142,-288034.0423459995,-40060.16688573809,0.27556347166069045
165,w99758869,105.27734354436397,other,8736.207849217513,9706.897610241682,10920.259811521892,nr1,-41313.11981338566,-69663.15900617291,-28350.039192787248,0.27555247673131333
166,w99758874,732.9468768487684,ab,73910.07250364788,82122.30278183098,92387.59062955985,r2,-344290.8619283978,-405457.97426406364,-61167.11233566585,0.25366279400032116
167,w99758876,118.68904608124866,sfh,12352.210694951837,13724.678549946484,15440.263368689795,r1,-62507.39994101926,-94303.59636386923,-31796.19642284997,0.27556347166069045
168,w99758878,556.4759241774678,other,50045.05270888446,55605.61412098273,62556.31588610557,nr2,-217860.57134407558,-308457.3195727478,-90596.74822867222,0.25366279400032116
169,w99758879,141.26093079326674,other,12063.985867794016,13404.42874199335,15079.982334742519,nr1,-57050.02698943415,-111475.90343947653,-54425.876450042386,0.27555247673131333
170,w99758882,536.390386541374,other,53874.88809445505,59860.98677161672,67343.6101180688,nr2,-234532.95113169926,-318261.5582748906,-83728.60714319133,0.25366279400032116
171,w99758886,70.57262436598539,sfh,9862.178496867567,10957.97610763063,12327.723121084458,r1,-49906.78598490544,-76500.85468636052,-26594.06870145508,0.27556347166069045
172,w99758887,84.85345135740936,sfh,11592.59887534742,12880.665417052687,14490.748594184273,r1,-58663.44350435132,-89633.58240147299,-30970.138897121666,0.27556347166069045
173,w99758888,71.82869699064176,other,5611.650315189278,6235.167016876976,7014.562893986597,nr1,-26537.232838731405,-44858.262275786416,-18321.02943705501,0.27555247673131333
174,w99758891,1365.0763243824242,trade,109673.71393623555,121859.68215137284,137092.14242029443,nr2,-477441.35906031675,-709292.6439415332,-231851.28488121642,0.25366279400032116
175,w99758895,154.4283221337944,other,11343.022479982455,12603.358311091617,14178.778099978068,nr1,-53640.624725225054,-45744.55251672641,7896.072208498641,0.27555247673131333
176,w99758899,158.4874060918577,th,20589.83452385864,22877.59391539849,25737.2931548233,r1,-104193.25358724837,-134696.9703676773,-30503.716780428935,0.27556347166069045
177,w99758900,82.77785695786588,sfh,10694.216001383687,11882.462223759652,13367.770001729608,r1,-54117.24695785272,-79122.38923088784,-25005.14227303512,0.27556347166069045
178,w99758903,400.34018093422054,trade,29613.781724427085,32904.20191603009,37017.22715553385,nr1,-140042.19377842388,-207869.26577029406,-67827.07199187018,0.27555247673131333
179,w99758905,110.54209396946244,sfh,14100.026680676654,15666.696311862948,17625.033350845817,r1,-71352.08657574914,-89550.7666790998,-18198.680103350664,0.27556347166069045
180,w99758908,248.9345047255978,ab,27512.151103074764,30569.05678119418,34390.18887884345,r1,-139223.09736349215,-168658.36032221085,-29435.262958718697,0.27556347166069045
181,w99758913,208.22132023065353,ab,22300.78576510543,24778.65085011714,27875.982206381785,r1,-112851.3890544408,-152116.22896303155,-39264.839908590744,0.27556347166069045
182,w99758915,71.10941483918579,ab,10013.713282288307,11126.348091431451,12517.141602860384,r1,-50673.61596143278,-67388.25554726929,-16714.639585836514,0.27556347166069045
183,w99758919,819.0798590054737,ab,94696.69321739217,105218.54801932463,118370.8665217402,r2,-441119.9316301018,-505133.95442631375,-64014.02279621194,0.25366279400032116
184,w99758922,83.9358181065414,th,11677.410484752485,12974.900538613872,14596.763105940605,r1,-59092.626046622136,-75392.66246405507,-16300.036417432937,0.27556347166069045
185,w99758926,36.12754547015065,sfh,4556.491211661925,5062.768012957695,5695.614014577406,r0,-28293.594041814325,-37589.282443919656,-9295.68840210533,0.3381368364046027
186,w99758928,119.38002583179623,sfh,17308.899478423707,19232.110531581897,21636.124348029633,r1,-87590.33738623816,-108808.63778245986,-21218.300396221704,0.27556347166069045
187,w99758931,65.79372537583113,th,8611.439252918039,9568.265836575598,10764.299066147547,r1,-43577.51747789782,-68463.03905842586,-24885.52158052804,0.27556347166069045
188,w99758935,355.7203856162727,ab,44548.24205703894,49498.046730043265,55685.30257129867,r1,-225432.9084644492,-266708.2394193257,-41275.330954876525,0.27556347166069045
189,w99758936,99.44306262517348,th,12820.809152675898,14245.343502973219,16026.011440844872,r1,-64878.70593085908,-101871.0663802671,-36992.36044940802,0.27556347166069045
190,w99758945,525.0721962768584,mfh,72696.76550898828,80774.18389887585,90870.95688623533,r2,-338638.9866585625,-288776.5406696783,49862.445988884196,0.25366279400032116
191,w99758951,355.6037514369003,ab,38846.362119594094,43162.62457732677,48557.95264949262,r1,-196578.98923756962,-224854.77024301104,-28275.781005441415,0.27556347166069045
192,w99758953,525.4067761451006,other,30960.182478675506,34400.2027540839,38700.22809834438,nr1,-146409.26020325487,-225043.1163135507,-78633.85611029583,0.27555247673131333
193,w99758954,37.75478148937691,sfh,3643.787391156788,4048.6526568408754,4554.7342389459845,r0,-22626.147276704367,-36927.6096226845,-14301.46234598013,0.3381368364046027
194,w99758959,30.14875982720405,sfh,3902.3905445980445,4335.989493997827,4877.988180747555,r0,-24231.947069025533,-33879.49107285523,-9647.544003829695,0.3381368364046027
195,w99758962,201.50926117040217,mfh,21723.95521923704,24137.72802137449,27154.944024046297,r1,-109932.38301420808,-93745.53588073826,16186.847133469826,0.27556347166069045
196,w99758966,155.61690238779408,th,21851.717362183943,24279.685957982158,27314.646702729926,r1,-110578.91338546926,-143315.83425319576,-32736.920867726498,0.27556347166069045
197,w99758967,90.83302856497467,ab,10128.948163735615,11254.386848595128,12661.185204669518,r1,-51256.753101793125,-77754.47985732749,-26497.726755534364,0.27556347166069045
198,w99758970,391.2386861808598,th,48443.52710272418,53826.14122524909,60554.40887840523,r1,-245144.69498169405,-290155.23337543453,-45010.538393740484,0.27556347166069045
199,w99758974,163.93810575278476,sfh,20363.139486646123,22625.710540717915,25453.924358307653,r1,-103046.08101177747,-122522.80832180307,-19476.7273100256,0.27556347166069045
200,w99758975,139.83927450878545,sfh,19017.06701210734,21130.074457897044,23771.333765134175,r1,-96234.38611816788,-121777.8127663861,-25543.426648218214,0.27556347166069045
201,w99758979,705.2831632008775,trade,40567.1544633245,45074.61607036056,50708.94307915562,nr1,-191840.1830356589,-264356.4266077649,-72516.243572106,0.27555247673131333
202,w99758981,319.7999828794971,other,27092.453379920906,30102.725977689894,33865.56672490113,nr1,-128118.94953065811,-109259.42874854206,18859.520782116044,0.27555247673131333
203,w99758984,336.42351993245535,ab,41356.19257743753,45951.325086041696,51695.24072179691,r1,-209279.79074484043,-247258.69085823893,-37978.9001133985,0.27556347166069045
204,w99758985,1446.6540044941007,ab,159203.44292933436,176892.71436592707,199004.30366166795,r2,-741607.8584607494,-805564.6966515604,-63956.83819081099,0.25366279400032116
205,w99758989,963.3213891830295,education,66773.88157928629,74193.20175476254,83467.35197410785,nr2,-290685.9960034045,-456612.6832999501,-165926.6872965456,0.25366279400032116
206,w99758991,346.04414169639347,ab,38927.20383955835,43252.44871062039,48659.00479944794,r1,-196988.08246359357,-254262.60695267248,-57274.5244890789,0.27556347166069045
207,w99758995,38.315451947040856,sfh,4605.429916486004,5117.144351651115,5756.787395607505,r0,-28597.479593855067,-40955.88853761293,-12358.408943757866,0.3381368364046027
208,w99758997,604.6954287230968,other,49421.63020499519,54912.92244999466,61777.03775624399,nr1,-233712.58620119517,-350505.16064515535,-116792.57444396018,0.27555247673131333
209,w99759000,505.76658869385716,other,34496.09632156219,38328.995912846876,43120.120401952736,nr1,-163130.4319933778,-139117.10856507052,24013.32342830728,0.27555247673131333
210,w99759001,277.86601877255595,other,21620.245901575137,24022.495446194596,27025.30737696892,nr1,-102241.13536935092,-152953.0926857564,-50711.957316405475,0.27555247673131333
211,w99759005,200.24946516156197,th,21517.100210125434,23907.889122361594,26896.37526265679,r1,-108885.60935533368,-135316.07432694902,-26430.464971615336,0.27556347166069045
212,w99759006,478.86383471041916,sfh,50992.01233528256,56657.79148364729,63740.0154191032,r2,-237533.03553465515,-276858.5275476112,-39325.49201295606,0.25366279400032116
213,w99759010,347.4218390390277,ab,42845.86231337848,47606.513681531644,53557.32789172309,r1,-216818.14839304253,-256313.68369895252,-39495.53530590999,0.27556347166069045
214,w99759011,1184.1155465334652,health,81096.3879180279,90107.09768669767,101370.48489753487,nr2,-353036.00354937406,-494073.4848010005,-141037.48125162645,0.25366279400032116
215,w99759013,1127.2734199425206,other,48346.56544700629,53718.406052229206,60433.20680875786,nr1,-228628.6550584715,-324861.27436311234,-96232.61930464086,0.27555247673131333
216,w99759015,262.8249901607633,mfh,34217.03964154063,38018.932935045144,42771.29955192578,r1,-173152.66347793062,-147657.03045678374,25495.633021146874,0.27556347166069045
217,w99759016,162.4421672269469,other,8362.91554321064,9292.128381345156,10453.644429013299,nr1,-39547.837893627046,-79930.46542621046,-40382.627532583414,0.27555247673131333
218,w99759020,78.66829424034803,other,5363.4306045502435,5959.367338389159,6704.288255687804,nr1,-25363.413394109004,-47425.905085613456,-22062.491691504452,0.27555247673131333
219,w99759023,45.55874986834824,th,6763.263251708072,7514.736946342302,8454.079064635089,r1,-34224.96680320456,-43659.88329301301,-9434.91648980845,0.27556347166069045
220,w99759028,314.5253525768406,trade,33061.024403090545,36734.47155898949,41326.28050386318,nr1,-156344.04376499396,-226445.19420548496,-70101.15044049101,0.27555247673131333
221,w99759036,422.98085668310523,mfh,42631.70476229463,47368.56084699403,53289.63095286828,r1,-215734.42078941126,-244641.12645337894,-28906.705663967674,0.27556347166069045
222,w99759038,116.55152825303375,ab,12476.366237759883,13862.629153066537,15595.457797199853,r1,-63135.67939324467,-91046.61687773785,-27910.93748449318,0.27556347166069045
224,w99759044,415.2007402397692,trade,30727.523085082063,34141.69231675785,38409.403856352576,nr1,-145309.02477283336,-216193.18266725267,-70884.1578944193,0.27555247673131333
225,w99759045,941.2816024620085,trade,46874.11717738663,52082.35241931848,58592.646471733286,nr1,-221665.5158072393,-315053.0846269025,-93387.56881966317,0.27555247673131333
226,w99759047,442.628270605579,mfh,44840.233894655554,49822.482105172836,56050.29236831944,r1,-226910.510411514,-251715.82597893727,-24805.31556742327,0.27556347166069045
227,w99759050,246.0824731603265,trade,22511.684368925235,25012.98263213915,28139.60546115654,nr1,-106456.70634059265,-164383.40033736953,-57926.693996776885,0.27555247673131333
228,w99759051,91.54405212756247,th,11301.573718027325,12557.30413114147,14126.967147534155,r1,-57190.7333676193,-75336.47643771487,-18145.743070095567,0.27556347166069045
229,w99759055,270.5142616614699,other,18027.259599334837,20030.288443705373,22534.074499168546,nr1,-85250.07057851009,-124677.74456952652,-39427.67399101643,0.27555247673131333
230,w99759057,194.30349186724052,th,26936.28423283178,29929.20470314642,33670.35529103972,r1,-136308.96792868804,-163113.14687789415,-26804.178949206107,0.27556347166069045
231,w99759061,534.3112589053809,trade,25116.553078843055,27907.281198714503,31395.691348553817,nr1,-118775.00908342554,-182254.24181982296,-63479.23273639742,0.27555247673131333
232,w99759062,137.67195288166403,th,17570.109600664895,19522.344000738773,21962.637000831117,r1,-88912.17086064977,-118338.40761856906,-29426.236757919294,0.27556347166069045
233,w99759063,182.5971095246263,sfh,23409.161696221272,26010.17966246808,29261.45212027659,r1,-118460.2391074578,-165622.94245189338,-47162.70334443558,0.27556347166069045
234,w99759067,347.13443305995315,other,14604.042087206286,16226.713430229207,18255.052609007857,nr1,-69061.83448491558,-107235.79833766748,-38173.9638527519,0.27555247673131333
235,w99759073,34.86947953915223,sfh,3369.323871661266,3743.69319073474,4211.654839576582,r0,-20921.86232603473,-37896.47944244098,-16974.617116406247,0.3381368364046027
236,w99759074,1179.944325777702,mfh,115106.04981104136,127895.61090115707,143882.5622638017,r2,-536191.6144874647,-597376.182835957,-61184.56834849238,0.25366279400032116
237,w99759077,212.39228247441352,sfh,25996.152531155218,28884.613923505796,32495.19066394402,r1,-131551.5046919296,-160177.0475406507,-28625.542848721117,0.27556347166069045
239,w99759083,341.51128259450195,trade,15755.53024255659,17506.144713951766,19694.412803195737,nr1,-74507.16831244605,-114950.0111979699,-40442.842885523845,0.27555247673131333
240,w99759085,319.12387123871594,other,16124.762320599133,17916.40257844348,20155.952900748915,nr1,-76253.24960336719,-125276.64961196086,-49023.40000859367,0.27555247673131333
241,w99759087,592.8829183824361,other,51137.99563470979,56819.99514967755,63922.494543387234,nr2,-222618.46762708828,-311115.8467374449,-88497.37911035665,0.25366279400032116
242,w99759088,334.1662621571682,ab,38269.47653436571,42521.64059373968,47836.84566795714,r1,-193659.70467494335,-228269.1980422472,-34609.49336730386,0.27556347166069045
243,w99759091,80.87078364617192,sfh,11524.131641001168,12804.590712223518,14405.164551251459,r1,-58316.97039878119,-49730.16586266781,8586.804536113377,0.27556347166069045
244,w99759093,176.2003906674683,sfh,24764.95217261122,27516.61352512358,30956.190215764025,r1,-125321.1111923686,-162041.10675258827,-36719.99556021967,0.27556347166069045
245,w99759094,339.69808716569094,other,37582.71276836215,41758.56974262461,46978.390960452685,nr1,-177726.8973345768,-248446.79235630736,-70719.89502173057,0.27555247673131333
246,w99759096,246.47077107857913,mfh,23598.463882924807,26220.515425472007,29498.079853656007,r1,-119418.18807596294,-140157.853196993,-20739.665121030062,0.27556347166069045
247,w99759099,50.23060751573648,th,7134.781015914094,7927.53446212677,8918.476269892617,r1,-36105.00350642481,-59739.54510629223,-23634.54159986742,0.27556347166069045
248,w99759102,1460.464218017459,other,128159.99370613102,142399.99300681223,160199.99213266376,nr2,-557917.4751736056,-729401.3936456372,-171483.9184720316,0.25366279400032116
249,w99759105,189.26809048298745,mfh,22334.256335775855,24815.840373084284,27917.820419719817,r1,-113020.764269843,-134223.16884521296,-21202.40457536996,0.27556347166069045
250,w99759110,35.61810292806477,th,4375.3120568172735,4861.457840908081,5469.140071021591,r0,-27168.559619956224,-47080.0890621883,-19911.529442232077,0.3381368364046027
251,w99759111,238.72463138289748,th,34535.9950545772,38373.327838419114,43169.9938182215,r1,-174766.7124978504,-149033.4209812265,25733.291516623925,0.27556347166069045
252,w99759113,635.4707306571305,th,86670.32318175596,96300.35909083995,108337.90397719495,r2,-403731.1730466345,-494131.0138739261,-90399.8408272916,0.25366279400032116
253,w99759120,160.90588292758912,th,23237.39167444857,25819.324082720632,29046.73959306071,r1,-117591.01029376766,-100276.47879989939,17314.53149386827,0.27556347166069045
254,w99759121,33.129497365746644,ab,3818.7156608234063,4243.017400914896,4773.394576029257,r0,-23712.36674218186,-38725.16496322536,-15012.7982210435,0.3381368364046027
255,w99759126,310.54387535755524,ab,34300.81502744586,38112.016697162064,42876.01878430732,r1,-173576.60229190596,-205394.76367243845,-31818.16138053249,0.27556347166069045
256,w99759127,85.13879598667843,other,8496.79167350324,9440.879637225822,10620.989591879048,nr1,-40180.93187517946,-62613.31447786914,-22432.38260268968,0.27555247673131333
257,w99759131,184.6887545518577,ab,20787.501022478882,23097.223358309868,25984.3762780986,r1,-105193.52950459861,-143097.28381450157,-37903.75430990296,0.27556347166069045
258,w99759132,153.35469039995223,ab,17695.00512599379,19661.116806659767,22118.756407492237,r1,-89544.19493677466,-113193.3051952742,-23649.11025849954,0.27556347166069045
259,w99759137,162.2998407471925,mfh,21055.671207008436,23395.19023000937,26319.589008760544,r1,-106550.58383200708,-167975.752599171,-61425.16876716394,0.27556347166069045
260,w99759138,557.9003615580499,mfh,56330.74901759959,62589.721130666214,70413.43627199948,r2,-262402.15271584806,-300737.4806221573,-38335.32790630922,0.25366279400032116
261,w99759140,160.4533356629312,ab,17634.05521702537,19593.394685583742,22042.56902128171,r1,-89235.76267065285,-120417.60078362371,-31181.838112970858,0.27556347166069045
262,w99759142,128.98004897348582,sfh,17650.096411774208,19611.218235304674,22062.620514717757,r1,-89316.9378870137,-106507.35932679368,-17190.42143977998,0.27556347166069045
263,w99759148,518.2482564277947,ab,59352.94618142581,65947.71797936202,74191.18272678225,r2,-276480.2726689835,-319769.7387722888,-43289.46610330528,0.25366279400032116
264,w99759152,155.39786574579776,ab,16837.00273483737,18707.780816485967,21046.253418546712,r1,-85202.34067774037,-109594.49443640423,-24392.15375866386,0.27556347166069045
265,w99759159,71.9146042395383,sfh,9767.034283888204,10852.260315431338,12208.792854860254,r1,-49425.316107193175,-77838.42650262048,-28413.110395427306,0.27556347166069045
266,w99759161,242.4930030848831,mfh,32388.127737790874,35986.808597545416,40485.15967223859,r1,-163897.5972676936,-196357.30084247314,-32459.70357477953,0.27556347166069045
267,w99759162,714.1891373082996,mfh,77904.36715681193,86560.40795201325,97380.45894601491,r2,-362897.24536640587,-412583.377386053,-49686.132019647106,0.25366279400032116
268,w99759164,595.7694656141102,mfh,71961.73720566227,79957.48578406918,89952.17150707783,r2,-335215.04835730605,-285856.75559749996,49358.29275980609,0.25366279400032116
269,w99759165,160.50856082765387,mfh,22755.65774251579,25284.064158350877,28444.572178144736,r1,-115153.23325999438,-141004.94194362074,-25851.708683626362,0.27556347166069045
270,w99759170,93.69908212199807,sfh,11619.451405943726,12910.501562159696,14524.314257429656,r1,-58799.32864352709,-89471.88700778609,-30672.558364259,0.27556347166069045
271,w99759172,204.59550149962305,other,17169.669362300792,19077.410402556434,21462.08670287599,nr1,-81194.5663111121,-123838.37170646545,-42643.80539535335,0.27555247673131333
272,w99759176,41.50382452430203,sfh,4163.668093659857,4626.297881844285,5204.585117074821,r0,-25854.353557262526,-34514.568986025275,-8660.215428762749,0.3381368364046027
273,w99759177,360.73507672324774,ab,44758.280247853094,49731.42249761455,55947.850309816364,r1,-226495.7903663483,-264692.9855890354,-38197.19522268709,0.27556347166069045
274,w99759180,347.1465133147314,education,19069.298725020304,21188.109694467003,23836.62340627538,nr1,-90177.82504505878,-130743.82986582232,-40566.00482076354,0.27555247673131333
275,w99759183,128.67689446713774,sfh,18376.72489710795,20418.583219008833,22970.906121384935,r1,-92993.98473012299,-127839.88757620186,-34845.90284607887,0.27556347166069045
276,w99759189,171.2441471248865,ab,18363.415474169808,20403.794971299787,22954.269342712258,r1,-92926.6334321955,-127272.39787455571,-34345.76444236022,0.27556347166069045
277,w99759190,369.99921465907244,other,20710.457907946584,23011.619897718425,25888.072384933228,nr1,-97938.79034342268,-145845.717979835,-47906.92763641232,0.27555247673131333
278,w99759195,184.4751641433686,sfh,22818.050116989565,25353.389018877293,28522.562646236955,r1,-115468.96501043285,-138872.63138978774,-23403.666379354894,0.27556347166069045
279,w155463247,886.8482149265707,mfh,90574.02742084471,100637.808245383,113217.53427605589,r2,-421915.5645870848,-465417.6039647821,-43502.03937769728,0.25366279400032116
280,w155463249,403.549402025342,trade,23648.752708879776,26276.391898755304,29560.940886099717,nr1,-111833.84953307714,-174265.45279599846,-62431.603262921315,0.27555247673131333
281,w155463253,721.7602650925515,mfh,85711.09171490726,95234.54634989696,107138.86464363408,r2,-399262.8425833694,-340473.917775505,58788.924807864416,0.25366279400032116
282,w155463254,852.2730644002556,mfh,87014.59305688317,96682.88117431464,108768.24132110395,r2,-405334.864776712,-345651.8731585069,59682.99161820515,0.25366279400032116
283,w155463255,713.9319995328784,mfh,71073.4939418158,78970.54882423978,88841.86742726975,r2,-331077.39798635425,-282328.3480375376,48749.04994881665,0.25366279400032116
284,w155463260,725.1058137452229,mfh,66389.32398774149,73765.91554193498,82986.65498467686,r2,-309257.40977259964,-330175.6630566041,-20918.25328400446,0.25366279400032116
285,w155463261,1003.1358517257496,mfh,96812.24176736335,107569.15751929261,121015.30220920418,r2,-450974.6646732199,-495215.50635264,-44240.84167942009,0.25366279400032116
286,w155463268,907.8277638942003,mfh,88048.47049851796,97831.63388724218,110060.58812314743,r2,-410150.91411141126,-445212.1380493282,-35061.22393791692,0.25366279400032116
287,w155463269,646.430608794326,mfh,65800.13973759115,73111.26637510127,82250.17467198893,r2,-306512.84808503144,-351376.28781915375,-44863.43973412231,0.25366279400032116
288,w155463275,531.2511221051216,mfh,56742.54191479465,63047.26879421628,70928.17739349332,r2,-264320.3828935317,-284489.0248209342,-20168.641927402525,0.25366279400032116
289,w155463277,722.3371928531676,mfh,75825.75026506544,84250.83362785049,94782.18783133179,r2,-353214.54885378905,-395427.97918996034,-42213.430336171295,0.25366279400032116
290,w155463281,852.691491766274,mfh,81167.2147222987,90185.79413588744,101459.01840287336,r2,-378096.37266542146,-424102.85693139106,-46006.4842659696,0.25366279400032116
291,w155463286,75.58565192222595,sfh,11379.481362010443,12643.868180011603,14224.351702513053,r1,-57584.97893071561,-81371.23297922581,-23786.2540485102,0.27556347166069045
292,w155463289,870.3151384696364,mfh,92029.85106537899,102255.39007264332,115037.31383172373,r2,-428697.14063502755,-470475.95865789,-41778.818022862426,0.25366279400032116
293,w155463294,520.8021583877504,mfh,73954.39748668816,82171.55276298684,92442.9968583602,r2,-344497.3383408672,-293772.28717109363,50725.051169773564,0.25366279400032116
294,w155463296,531.2875348292291,mfh,59600.264491446156,66222.51610160685,74500.33061430769,r2,-277632.3407328239,-323736.89470613794,-46104.55397331406,0.25366279400032116
295,w155463300,903.6974393147975,mfh,82377.16016846654,91530.17796496282,102971.45021058316,r2,-383732.5890353472,-426989.5652592034,-43256.97622385615,0.25366279400032116
296,w155463302,619.062746527791,mfh,73694.19011571503,81882.43346190559,92117.73764464378,r2,-343285.2299367246,-380644.08128620405,-37358.85134947946,0.25366279400032116
297,w155463304,1087.9011799693108,mfh,132782.97083749846,147536.6342638872,165978.71354687307,r2,-618534.9564742929,-527459.6016731258,91075.35480116715,0.25366279400032116
298,w155463308,740.3594694465398,mfh,74398.41232336155,82664.90258151284,92998.01540420194,r2,-346565.6660484301,-387452.01353801024,-40886.34748958016,0.25366279400032116
299,w155463310,722.3160033598542,mfh,78437.63363840502,87152.92626489447,98047.04204800627,r2,-365381.3286633902,-311581.24218901625,53800.08647437394,0.25366279400032116
300,w155463313,774.0583199881017,mfh,75098.58684319264,83442.87427021404,93873.2335539908,r2,-349827.2470585293,-384989.11975612707,-35161.87269759778,0.25366279400032116
301,w155463314,1101.9502923069522,mfh,104359.84119134728,115955.37910149698,130449.8014891841,r2,-486133.19480516436,-530686.9320233839,-44553.737218219554,0.25366279400032116
302,w155463317,740.3064833164215,mfh,74649.75970721088,82944.17745245653,93312.1996340136,r2,-347736.5025054591,-384805.17034781555,-37068.66784235643,0.25366279400032116
303,w155463319,828.4481069911271,mfh,78474.43739685023,87193.8193298336,98093.04674606278,r2,-365552.76940601267,-391570.9182672126,-26018.14886119991,0.25366279400032116
304,w155463321,781.2118542082608,mfh,75955.85291213829,84395.3921245981,94944.81614017286,r2,-353820.59821868007,-387191.51604265644,-33370.91782397637,0.25366279400032116
305,w155463324,722.1055689860135,mfh,76230.77521241456,84700.86134712728,95288.4690155182,r2,-355101.2522962522,-393834.94779488514,-38733.695498632966,0.25366279400032116
306,w155463327,780.4636536210775,mfh,78934.78481367027,87705.31645963363,98668.48101708783,r2,-367697.1781929971,-415666.4789570506,-47969.30076405348,0.25366279400032116
307,w155463330,867.026127423346,mfh,92798.36038612344,103109.28931791494,115997.9504826543,r2,-432277.04155348573,-368626.9850452909,63650.05650819483,0.25366279400032116
308,w155463331,701.7002469789237,mfh,75620.8436945795,84023.15966064388,94526.05461822437,r2,-352260.04485483933,-398095.00684218365,-45834.961987344315,0.25366279400032116
309,w155463336,356.26551316827533,mfh,37646.38639526564,41829.31821696182,47057.98299408205,r1,-190506.60556694717,-203033.95838341757,-12527.352816470404,0.27556347166069045
310,w155463337,437.0872274041176,trade,16347.364508861188,18163.7383431791,20434.205636076484,nr1,-77305.92497844034,-114791.82422460963,-37485.8992461693,0.27555247673131333
311,w155463339,868.4495440013707,mfh,96284.55889755068,106982.84321950076,120355.69862193835,r2,-448516.59118041303,-382475.3638441147,66041.22733629833,0.25366279400032116
312,w155463342,722.9579402044416,mfh,72192.16091602764,80213.5121289196,90240.20114503455,r2,-336288.41731992643,-382073.10101682926,-45784.68369690282,0.25366279400032116
313,w155463343,844.8904670208692,mfh,87271.28425516972,96968.09361685524,109089.10531896215,r2,-406530.59400432365,-458665.30500408314,-52134.710999759496,0.25366279400032116
314,w155463347,1083.6851687338203,mfh,101563.78341079073,112848.64823421191,126954.7292634884,r2,-473108.4863904634,-499777.67919992714,-26669.19280946371,0.25366279400032116
315,w155463348,740.608741542697,mfh,73742.38733091138,81935.98592323487,92177.98416363922,r2,-343509.7441362158,-375553.124554353,-32043.38041813718,0.25366279400032116
316,w155463352,356.4181080274284,mfh,38492.77211566138,42769.74679517931,48115.965144576716,r1,-194789.67456857665,-166108.1287040394,28681.545864537242,0.27556347166069045
317,w155463353,722.1394314199686,mfh,96023.96050529758,106693.28945033065,120029.95063162198,r2,-447302.66130527254,-381440.1774545686,65862.48385070392,0.25366279400032116
318,w155463354,696.3946817303076,mfh,75225.69127239037,83584.10141376707,94032.11409048796,r2,-350419.3300047507,-406514.8099756201,-56095.47997086943,0.25366279400032116
319,w155463358,865.4375973489136,mfh,87470.73329689098,97189.70366321219,109338.41662111372,r2,-407459.6755240531,-446150.98032340175,-38691.30479934864,0.25366279400032116
320,w155463359,1101.9756921548396,mfh,103923.56216152417,115470.62462391573,129904.4527019052,r2,-484100.90234310954,-527287.1448692366,-43186.242526127084,0.25366279400032116
321,w155463364,740.593882034719,mfh,74624.72489312779,82916.3609923642,93280.90611640972,r2,-347619.88433114387,-385208.49380273896,-37588.60947159509,0.25366279400032116
322,w155463365,603.6562003400177,mfh,57345.292217422895,63716.9913526921,71681.61527177862,r2,-267128.138510457,-290201.6496322677,-23073.511121810705,0.25366279400032116
323,w155463369,722.4004129424691,mfh,76517.50006263371,85019.44451403746,95646.87507829214,r2,-356436.88548499474,-396005.0649072558,-39568.17942226108,0.25366279400032116
324,w155463370,696.1379145577084,mfh,67777.64861111336,75308.49845679261,84722.06076389168,r2,-315724.55917491595,-341055.616401872,-25331.057226956065,0.25366279400032116
325,w155463373,865.3327697202564,mfh,87284.13642326384,96982.3738036265,109105.1705290798,r2,-406590.4624888331,-445384.1990055997,-38793.7365167666,0.25366279400032116
326,w155463376,746.0008564919234,mfh,78349.89022816702,87055.43358685223,97937.36278520877,r2,-364972.5987932105,-416999.84247937874,-52027.24368616822,0.25366279400032116
327,w155463378,701.7079005709849,mfh,75289.53058162499,83655.03397958331,94111.91322703123,r2,-350716.7088335999,-391115.8650014834,-40399.156167883484,0.25366279400032116
328,w155463380,903.4881653226912,mfh,80794.44802773364,89771.60891970404,100993.06003466704,r2,-376359.93590893375,-414928.32693370036,-38568.391024766606,0.25366279400032116
329,w155463382,654.6620004437864,mfh,67195.36451178146,74661.51612420162,83994.20563972682,r2,-313012.14004643663,-344531.9780278065,-31519.83798136987,0.25366279400032116
330,w155463388,654.8312545590103,mfh,81045.45395849762,90050.50439833068,101306.81744812202,r2,-377529.18179551576,-321940.40088681714,55588.78090869862,0.25366279400032116
331,w155463390,658.415929133445,mfh,67307.170216775,74785.74468530556,84133.96277096875,r2,-313532.9578624229,-341813.49550380453,-28280.537641381612,0.25366279400032116
332,w155463392,746.3197361536323,mfh,74500.89326832342,82778.77029813713,93126.11658540426,r2,-347043.0468935161,-386472.05495644605,-39429.00806292996,0.25366279400032116
333,w155463395,740.6091377854347,mfh,81203.21252281987,90225.79169202207,101504.01565352484,r2,-378264.0590625407,-322567.0721306754,55696.98693186528,0.25366279400032116
334,w155463397,721.9107812985777,mfh,69115.7372055503,76795.26356172255,86394.67150693786,r2,-321957.69709387154,-350892.6452298443,-28934.94813597278,0.25366279400032116
335,w155463400,957.7393607803388,mfh,132263.3739372203,146959.30437468924,165329.2174215254,r2,-616114.5493688437,-525395.5841841158,90718.96518472792,0.25366279400032116
336,w155463402,519.368776667118,mfh,57328.60677905928,63698.45197673253,71660.7584738241,r2,-267050.41373274726,-307701.3612532655,-40650.94752051827,0.25366279400032116
337,w155463405,658.592996231094,mfh,66453.3492473543,73837.05471928256,83066.68655919287,r2,-309555.65480295324,-337958.2426408326,-28402.58783787937,0.25366279400032116
338,w155463406,932.8967588515952,mfh,87329.94975847227,97033.27750941363,109162.43719809034,r2,-406803.8720030227,-457591.62210602185,-50787.750102999154,0.25366279400032116
339,w155463408,740.3845857441426,mfh,81123.65596148898,90137.39551276554,101404.56995186122,r2,-377893.4655000554,-322251.0461230828,55642.4193769726,0.25366279400032116
340,w155463411,886.3585438661277,mfh,86630.34371086476,96255.9374565164,108287.92963858094,r2,-403544.9390730189,-441045.4439998184,-37500.504926799505,0.25366279400032116
341,w155463413,436.59599217027426,trade,16616.663351011164,18462.959278901293,20770.829188763953,nr1,-78579.4266536946,-116891.37671649737,-38311.950062802774,0.27555247673131333
342,w155463416,722.4005093876273,mfh,71360.79474582999,79289.7719398111,89200.99343228748,r2,-332415.71410614805,-377658.50116721715,-45242.7870610691,0.25366279400032116
343,w155463417,828.3400002270937,mfh,74807.01169807202,83118.90188674668,93508.76462259002,r2,-348469.0200316849,-382181.87889627443,-33712.858864589536,0.25366279400032116
344,w155463421,509.4774500131606,mfh,62634.51134401355,69593.90149334838,78293.13918001692,r2,-291766.5910289847,-248805.80842656086,42960.78260242383,0.25366279400032116
345,w155463422,674.0859733853489,mfh,66828.4486191273,74253.83179903033,83535.56077390912,r2,-311302.95772990066,-341906.9840310702,-30604.026301169535,0.25366279400032116
346,w155463424,701.7858467099256,mfh,75354.80212003247,83727.55791114719,94193.50265004058,r2,-351020.75932978373,-395607.71141175716,-44586.95208197343,0.25366279400032116
347,w155463427,540.3469697440042,mfh,55711.525451732596,61901.69494636955,69639.40681466574,r2,-259517.66068388312,-293507.75959276827,-33990.09890888515,0.25366279400032116
348,w155463430,521.3457492198795,mfh,65819.9805171453,73133.31168571701,82274.97564643163,r2,-306605.2711995359,-261459.58692394337,45145.68427559256,0.25366279400032116
349,w155463434,634.5610695700626,mfh,64418.57211226843,71576.19123585381,80523.21514033554,r2,-300077.1744018368,-328867.73539245065,-28790.560990613827,0.25366279400032116
350,w155463435,740.6094772338867,mfh,73569.89609015193,81744.3289890577,91962.37011268991,r2,-342706.23852535017,-378329.09194143733,-35622.853416087164,0.25366279400032116
351,w155463436,830.3215000247583,mfh,74986.73881598086,83318.59868442318,93733.42351997607,r2,-349306.23209548974,-374084.9266989549,-24778.69460346515,0.25366279400032116
352,w155463437,634.6341266736388,mfh,64166.464939277284,71296.07215475253,80208.0811740966,r2,-298902.79866457626,-329347.06335715705,-30444.264692580793,0.25366279400032116
353,w155463439,740.3900625675916,mfh,77902.86750022264,86558.74166691404,97378.5843752783,r2,-362890.25960597786,-412623.397275958,-49733.13766998012,0.25366279400032116
354,w155463441,304.4361848443746,mfh,36817.49098632539,40908.32331813932,46021.863732906735,r1,-186312.04492388127,-158878.77633079299,27433.268593088287,0.27556347166069045
355,w155463442,681.7836883433163,mfh,68711.68346108304,76346.31495675893,85889.6043263538,r2,-320075.51774759684,-358687.78203572327,-38612.26428812643,0.25366279400032116
356,w155463445,701.5969566701912,mfh,73907.62346345419,82119.58162606022,92384.52932931774,r2,-344279.4537112143,-386220.8862098928,-41941.43249867851,0.25366279400032116
357,w155463446,527.3302180506289,mfh,52013.41474555332,57792.683050614796,65016.768431941644,r2,-242290.9731782761,-270436.73784923553,-28145.76467095944,0.25366279400032116
358,w155463447,540.1562461696565,mfh,59085.19228162839,65650.21364625376,73856.49035203549,r2,-275233.0107218193,-317993.5204083134,-42760.50968649407,0.25366279400032116
359,w155463448,488.2503870327026,mfh,51268.34796637681,56964.83107375201,64085.43495797101,r2,-238820.2732464876,-273849.94990588306,-35029.67665939545,0.25366279400032116
360,w155463452,416.2699146196246,mfh,40700.76121869014,45223.06802076682,50875.95152336267,r1,-205963.0314143141,-175636.27952157418,30326.751892739907,0.27556347166069045
361,w155463453,826.68092449978,mfh,83117.14823153104,92352.38692392338,103896.4352894138,r2,-387179.6310881964,-425168.2753987573,-37988.64431056089,0.25366279400032116
362,w155463454,830.106713430956,mfh,73765.5043705863,81961.67152287367,92206.88046323288,r2,-343617.4288569218,-372228.88867629773,-28611.459819375945,0.25366279400032116
363,w155463458,653.3753796381876,mfh,58960.56636749198,65511.74040832442,73700.70795936497,r2,-274652.4732937912,-297308.5826162982,-22656.10932250705,0.25366279400032116
364,w155463459,716.456727950275,mfh,75283.97896378927,83648.8655153214,94104.97370473658,r2,-350690.84806489805,-392746.7654208282,-42055.91735593014,0.25366279400032116
365,w155463463,389.00259175430983,mfh,37000.96483362116,41112.18314846796,46251.206042026446,r1,-187240.50003486164,-159670.52230712477,27569.97772773687,0.27556347166069045
366,w155463464,681.5525098629297,mfh,69179.35495120153,76865.94994577947,86474.19368900191,r2,-322254.0438263568,-358010.3033048807,-35756.25947852386,0.25366279400032116
367,w155463468,854.9059582386632,mfh,81699.0096870192,90776.67743002134,102123.762108774,r2,-380573.60128353385,-413113.9721678473,-32540.37088431348,0.25366279400032116
368,w155463469,716.6904537379742,mfh,100679.18201464991,111865.75779405545,125848.97751831239,r2,-468987.800713618,-399932.31742956693,69055.48328405106,0.25366279400032116
369,w155463470,608.2978411447257,mfh,64367.74654988399,71519.71838875998,80459.68318735498,r2,-299840.4167301342,-255690.81442942462,44149.60230070961,0.25366279400032116
370,w155463473,376.1376306014136,mfh,43550.29606288637,48389.217847651526,54437.870078607964,r1,-220382.88050455326,-187932.8971625211,32449.983342032152,0.27556347166069045
371,w155463474,720.4433401308954,mfh,67276.75041664802,74751.94490738669,84095.93802081002,r2,-313391.2551302968,-355669.3166772231,-42278.06154692627,0.25366279400032116
372,w155463478,851.8925360153429,mfh,87684.85616685112,97427.61796316791,109606.0702085639,r2,-408457.11125858745,-348314.3886209192,60142.72263766825,0.25366279400032116
373,w155463479,376.5337288361043,mfh,37121.41584101446,41246.017601127176,46401.76980126807,r1,-187850.03297421706,-208902.85580878367,-21052.822834566614,0.27556347166069045
374,w155463480,664.0854127705097,mfh,73172.86575571459,81303.18417301621,91466.08219464324,r2,-340856.7759091634,-290667.7744996704,50189.00140949298,0.25366279400032116
375,w155463484,531.1159037780716,mfh,68085.21955592721,75650.24395103024,85106.52444490901,r2,-317157.29847697605,-270457.8950168731,46699.40346010297,0.25366279400032116
376,w155463485,716.6882258921862,mfh,74226.11389675422,82473.45988528247,92782.64237094278,r2,-345763.0586121755,-379901.92381260294,-34138.86520042742,0.25366279400032116
377,w155463490,790.5601109853014,mfh,73479.01625668757,81643.35139631951,91848.77032085945,r2,-342282.898442795,-378901.2377168726,-36618.33927407762,0.25366279400032116
378,w155463491,681.5525530032813,mfh,68426.0537270324,76028.94858559156,85532.5671587905,r2,-318744.9858728809,-351796.5362459614,-33051.55037308048,0.25366279400032116
379,w155463494,531.001435648324,mfh,56124.10929184654,62360.12143538504,70155.13661480817,r2,-261439.57526357114,-286173.39413863246,-24733.81887506132,0.25366279400032116
380,w155463495,716.4590312853455,mfh,79038.97749810597,87821.08610900663,98798.72187263246,r2,-368182.5327315037,-423628.809867059,-55446.27713555528,0.25366279400032116
381,w155463496,611.941689690575,mfh,60485.334200613484,67205.92688957053,75606.66775076685,r2,-281755.2079241785,-314557.7130873108,-32802.50516313227,0.25366279400032116
382,w155463500,1108.025532820262,mfh,100906.99247980208,112118.88053311342,126133.7405997526,r2,-470048.9965526518,-515343.04533875955,-45294.04878610774,0.25366279400032116
383,w155463502,540.1563036605716,mfh,59609.47184418452,66232.74649353835,74511.83980523064,r2,-277675.230792365,-316286.2179739505,-38610.987181585515,0.25366279400032116
384,w155463507,1267.198863344267,mfh,124829.28501538603,138699.20557265115,156036.60626923252,r2,-581484.7784073234,-645517.7512474603,-64032.97284013685,0.25366279400032116
385,w155463508,530.6506136165466,mfh,59404.70237854505,66005.22486505006,74255.87797318131,r2,-276721.365460706,-313947.9262508208,-37226.5607901148,0.25366279400032116
386,w155463511,1747.3368958860635,mfh,164794.07162005454,183104.52402228283,205992.58952506818,r2,-767650.3490908957,-830088.8086689834,-62438.45957808767,0.25366279400032116
387,w155463513,612.2091895099729,mfh,81863.33408033723,90959.26008926358,102329.16760042153,r2,-381339.0637583343,-325189.3018607969,56149.76189753739,0.25366279400032116
388,w155463514,830.106801855378,mfh,74653.97590525495,82948.86211694994,93317.46988156869,r2,-347756.14256816625,-376652.44000536774,-28896.297437201487,0.25366279400032116
389,w155463518,691.345141955465,mfh,72173.4858662746,80192.76207363844,90216.85733284324,r2,-336201.424454702,-368606.54868852743,-32405.124233825423,0.25366279400032116
390,w155463519,507.32179623667616,mfh,55562.18913504426,61735.76570560473,69452.73641880532,r2,-258822.01626833613,-288883.605714355,-30061.589446018887,0.25366279400032116
391,w155463522,1139.1653657640795,mfh,129564.6746402093,143960.74960023255,161955.84330026162,r2,-603543.3601441596,-514675.42295215314,88867.9371920065,0.25366279400032116
392,w155463523,446.09937440417707,mfh,52022.345619720814,57802.60624413424,65027.93202465102,r2,-242332.57533425762,-206650.63844866568,35681.936885591946,0.25366279400032116
393,w155463528,681.6119319483638,mfh,68495.57242516302,76106.19158351446,85619.46553145377,r2,-319068.8206587059,-352486.9338115158,-33418.11315280991,0.25366279400032116
394,w155463529,691.3949336603283,mfh,83645.16797269836,92939.0755252204,104556.45996587294,r2,-389639.2738086488,-332267.3585512342,57371.91525741463,0.25366279400032116
395,w155463531,507.3216828555101,mfh,54061.208972385146,60068.00996931683,67576.51121548143,r2,-251830.09031786665,-280469.0764449086,-28638.98612704198,0.25366279400032116
396,w155463534,640.8467616457492,mfh,62761.80582241785,69735.3398026865,78452.25727802231,r2,-292359.55927003716,-314872.0202873511,-22512.461017313937,0.25366279400032116
397,w155463535,684.7868416263722,mfh,63983.21967634138,71092.46630704598,79979.02459542672,r2,-298049.19823660504,-334119.8783242497,-36070.680087644665,0.25366279400032116
398,w155463536,691.6131192699074,mfh,70337.30683773482,78152.56315303869,87921.63354716853,r2,-327648.0617129782,-355725.8721610579,-28077.81044807972,0.25366279400032116
399,w155463537,507.3215693686623,mfh,56345.158000452444,62605.73111161382,70431.44750056555,r2,-262469.2732172611,-305405.75054123387,-42936.47732397274,0.25366279400032116
400,w155463538,643.413233704865,mfh,67471.69315381986,74968.54794868872,84339.61644227481,r2,-314299.345201569,-268020.7572601984,46278.58794137061,0.25366279400032116
401,w155463539,710.019569536671,mfh,70101.74839593095,77890.83155103438,87627.18549491368,r2,-326550.7739385796,-352099.36113288323,-25548.587194303633,0.25366279400032116
402,w155463540,840.6794232809916,mfh,76273.68228195352,84748.53586883724,95342.1028524419,r2,-355301.12372722203,-393297.3622607349,-37996.238533512864,0.25366279400032116
403,w155463541,696.2558067506179,mfh,69091.86352939304,76768.73725488115,86364.8294117413,r2,-321846.4877787788,-356006.54057993804,-34160.05280115921,0.25366279400032116
404,w155463542,640.557884996757,mfh,65685.4859572708,72983.87328585643,82106.85744658849,r2,-305978.76325041166,-260925.3283022904,45053.434948121256,0.25366279400032116
405,w155463543,587.0278481058776,mfh,64620.647257978446,71800.7191755316,80775.80907247306,r2,-301018.4889444166,-342878.4141566671,-41859.9252122505,0.25366279400032116
406,w155463544,825.5248426020145,mfh,98226.61890138821,109140.68766820912,122783.27362673526,r2,-457563.17292480095,-390189.8937238766,67373.27920092433,0.25366279400032116
407,w155463545,709.4769112125038,mfh,68799.48875180824,76443.87639089805,85999.3609397603,r2,-320484.535871942,-357954.4298040632,-37469.893932121224,0.25366279400032116
408,w155463546,647.0489746004342,mfh,65167.88665066121,72408.76294517911,81459.8583133265,r2,-303567.6614158497,-327921.19642911217,-24353.535013262474,0.25366279400032116
409,w155463547,586.4484846569597,mfh,65038.9578364076,72265.50870711956,81298.6972955095,r2,-302967.08004604257,-258357.09637503288,44609.983671009686,0.25366279400032116
410,w155463548,500.40091222245246,mfh,58521.66054916764,65024.06727685293,73152.07568645955,r2,-272607.9446202628,-232468.15135873313,40139.793261529645,0.25366279400032116
411,w155463549,672.5395986035466,mfh,71071.92574614852,78968.80638460947,88839.90718268565,r2,-331070.0929544463,-369953.3016692321,-38883.20871478575,0.25366279400032116
412,w155463551,586.1050742082298,mfh,58460.95059670617,64956.61177411796,73076.1882458827,r2,-272325.1430865535,-293968.3164297347,-21643.173343181203,0.25366279400032116
413,w155463552,667.035758360289,mfh,68669.64406031062,76299.60451145624,85837.05507538827,r2,-319879.68812605005,-360908.3020304784,-41028.61390442832,0.25366279400032116
414,w155463553,817.6307530952618,mfh,76749.54752122253,85277.27502358059,95936.93440152815,r2,-357517.81825666665,-400113.53545154573,-42595.71719487908,0.25366279400032116
415,w155463556,732.9133296664804,mfh,64357.9958795773,71508.88431064144,80447.49484947162,r2,-299794.9957669211,-323799.96445937594,-24004.96869245486,0.25366279400032116
416,w155463558,710.1379440590739,mfh,77163.4124884325,85737.12498714722,96454.26561054062,r2,-359445.70063393883,-391419.4275504404,-31973.72691650159,0.25366279400032116
417,w155463561,654.0662793286144,mfh,66767.48224207119,74186.09138007909,83459.35280258898,r2,-311018.9617088675,-265223.38946023106,45795.572248636454,0.25366279400032116
418,w155463562,586.3292756803334,mfh,59654.3554106497,66282.61712294411,74567.94426331212,r2,-277884.30922053126,-311925.9332261365,-34041.624005605234,0.25366279400032116
419,w155463566,653.8032613813876,mfh,66481.29901255308,73868.11001394787,83101.62376569134,r2,-309685.8515193818,-342502.994978068,-32817.14345868619,0.25366279400032116
420,w155463567,133.41999841853976,sfh,16572.97361038044,18414.415122644932,20716.217012975547,r1,-83866.24186222623,-124656.49323211252,-40790.25136988629,0.27556347166069045
421,w155463569,886.7166110530495,mfh,90690.7250070177,100767.47223001966,113363.40625877211,r2,-422459.16996003967,-453718.1373585663,-31258.967398526613,0.25366279400032116
422,w155463572,311.3570919752121,mfh,35890.06917924034,39877.854643600374,44862.58647405042,r1,-181618.8991185575,-154876.66652089602,26742.232597661496,0.27556347166069045
423,w155463574,863.4385226266459,mfh,80266.77887142508,89185.30985713897,100333.47358928135,r2,-373901.9262969213,-412966.37705815956,-39064.45076123829,0.25366279400032116
424,w155463577,931.9227139726281,mfh,104741.59050899002,116379.54500998891,130926.98813623752,r2,-487911.474776481,-416069.60034124757,71841.87443523342,0.25366279400032116
425,w155463578,931.2066993936896,mfh,95901.79540846782,106557.55045385312,119877.24426058478,r2,-446733.58695504756,-491715.9264893326,-44982.33953428501,0.25366279400032116
426,w155463581,136.57608463019133,sfh,20238.058157433414,22486.731286037128,25297.572696791765,r1,-102413.11668957333,-131014.35276857857,-28601.236079005233,0.27556347166069045
427,w155463583,949.1963916398585,mfh,98696.62464541465,109662.91627268294,123370.7808067683,r2,-459752.5725186678,-515473.7561886357,-55721.183669967926,0.25366279400032116
428,w155463586,949.1754787907004,mfh,101711.11223859426,113012.34693177139,127138.89029824281,r2,-473794.77944083046,-404031.49898457417,69763.2804562563,0.25366279400032116
429,w155463589,722.9646147996187,mfh,79863.38270239974,88737.09189155528,99829.22837799968,r2,-372022.8100949247,-317244.80754410103,54778.00255082367,0.25366279400032116
430,w155463591,591.1442194825038,mfh,72104.48386231158,80116.0931803462,90130.60482788947,r2,-335879.99655435677,-385147.59201706515,-49267.595462708385,0.25366279400032116
431,w155463593,535.6290349200369,mfh,57403.922688774626,63782.13632086069,71754.90336096828,r2,-267401.25332191883,-301827.5468208999,-34426.293498981046,0.25366279400032116
432,w155463596,724.8313003255054,mfh,67296.75836170698,74774.1759574522,84120.94795213372,r2,-313484.4569418554,-343806.3122442586,-30321.855302403215,0.25366279400032116
433,w155463597,752.1160736689344,mfh,96345.81377389302,107050.90419321446,120432.26721736627,r2,-448801.93110038363,-382718.6892680925,66083.24183229113,0.25366279400032116
434,w155463600,535.4490051213652,mfh,64489.169061256325,71654.6322902848,80611.4613265704,r2,-300406.0319390198,-256173.14638117002,44232.885557849775,0.25366279400032116
435,w155463601,907.8308945208788,mfh,90872.07987539202,100968.97763932447,113590.09984424003,r2,-423303.9644763002,-471814.3835781789,-48510.41910187865,0.25366279400032116
436,w155463605,389.4215188790113,mfh,42998.73447932191,47776.37164369101,53748.41809915238,r1,-217591.74607951829,-185552.73960370364,32039.006475814647,0.27556347166069045
437,w155463606,690.2915003947913,mfh,72619.17804943162,80687.97561047958,90773.97256178952,r2,-338277.56564488035,-376243.69777099683,-37966.132126116485,0.25366279400032116
438,w155463610,725.1058211326599,mfh,66694.63523034648,74105.15025594053,83368.2940379331,r2,-310679.6228392654,-336879.0681160505,-26199.445276785118,0.25366279400032116
439,w155463611,1002.8680375270545,mfh,112403.2420384642,124892.49115384911,140504.05254808025,r2,-523601.2869972376,-446504.3137567235,77096.97324051411,0.25366279400032116
440,w155463612,535.6290688522159,mfh,63516.22491576578,70573.58323973975,79395.28114470722,r2,-295873.824526524,-252308.27780507307,43565.546721450926,0.25366279400032116
441,w155463616,543.6235096465331,mfh,57717.03913082603,64130.04347869559,72146.29891353253,r2,-268859.8248814652,-292789.515207099,-23929.690325633797,0.25366279400032116
442,w155463618,752.1486698825844,mfh,78276.75754478379,86974.17504975977,97845.94693097973,r2,-364631.9291964394,-400220.72810120723,-35588.79890476784,0.25366279400032116
443,w155463621,238.18491610530762,mfh,25941.058157091844,28823.39795232427,32426.322696364805,r1,-131272.70390402802,-149411.35132103864,-18138.647417010623,0.27556347166069045
444,w155463623,73.76475410088896,mfh,9386.532258258556,10429.48028695395,11733.165322823193,r1,-47499.81524894432,-58221.84919798011,-10722.033949035795,0.27556347166069045
445,w155463625,52.41574023310095,sfh,7168.165529890833,7964.628366545369,8960.206912363541,r1,-36273.943238632695,-46305.893718728556,-10031.95048009586,0.27556347166069045
446,w155463626,98.3909645654261,mfh,11326.695090576788,12585.216767307542,14158.368863220985,r1,-57317.85811636234,-66217.47273403089,-8899.61461766855,0.27556347166069045
447,w155463629,643.7923131911084,mfh,60925.212855087026,67694.68095009669,76156.51606885878,r2,-283804.2683020468,-307373.84420819103,-23569.575906144222,0.25366279400032116
448,w155463631,546.7249739198014,mfh,62732.02766693095,69702.25296325661,78415.03458366368,r2,-292220.8454726895,-249193.17678048625,43027.66869220324,0.25366279400032116
449,w155463632,612.4270064728335,mfh,67447.16411095476,74941.2934566164,84308.95513869345,r2,-314185.083031012,-267923.31947056745,46261.763560444524,0.25366279400032116
450,w155463633,683.6260891854763,mfh,67343.37274848943,74825.96972054381,84179.21593561179,r2,-313701.59794659197,-343700.5492007356,-29998.951254143612,0.25366279400032116
451,w155463638,279.5906790524721,ab,31093.580676718997,34548.42297413222,38866.97584589874,r1,-157346.64271492185,-193904.47467245482,-36557.831957532966,0.27556347166069045
452,w155463639,282.758548167441,other,12733.875761949328,14148.750846610365,15917.34470243666,nr1,-60217.90508215757,-110858.64318913419,-50640.73810697662,0.27555247673131333
453,w155463640,56.80619836300611,sfh,8149.209288913908,9054.67698768212,10186.511611142383,r1,-41238.43875439959,-59306.81128383521,-18068.37252943562,0.27556347166069045
454,w155463643,240.41873629689215,ab,28483.777730710135,31648.64192301126,35604.72216338767,r1,-144139.93821949937,-185968.0193625355,-41828.081143036135,0.27556347166069045
455,w155463644,98.43792371228336,mfh,11153.843250929993,12393.159167699992,13942.30406366249,r1,-56443.15484759777,-66360.84832558087,-9917.693477983099,0.27556347166069045
456,w155463645,98.39091195091605,mfh,11053.44919247696,12281.61021386329,13816.811490596201,r1,-55935.118535847476,-66616.03920386155,-10680.920668014078,0.27556347166069045
457,w155463647,97.66299930792302,mfh,9369.723502372359,10410.803891524843,11712.154377965448,r1,-47414.7558492436,-58294.33459355805,-10879.57874431445,0.27556347166069045
458,w155463653,376.11661268314344,mfh,49110.00769747382,54566.67521941535,61387.50962184227,r1,-248517.36811023531,-211924.75966025097,36592.60844998434,0.27556347166069045
459,w155463654,482.5493668295443,mfh,52586.0148678914,58428.905408768216,65732.51858486424,r2,-244958.2820170051,-278025.69733041356,-33067.41531340845,0.25366279400032116
460,w155463656,73.78574474137277,mfh,10518.511422655341,11687.23491406149,13148.139278319177,r1,-53228.10762520438,-66156.21249589713,-12928.104870692747,0.27556347166069045
461,w155463657,470.15250823192764,mfh,44569.71600670739,49521.906674119324,55712.145008384236,r1,-225541.57571385,-241226.0106745406,-15684.434960690589,0.27556347166069045
462,w155463660,49.947176152281465,mfh,6130.094348688484,6811.2159429872045,7662.617935860605,r1,-31020.864895564933,-37776.280075730494,-6755.415180165561,0.27556347166069045
463,w155463661,78.16354378722608,sfh,10628.335831745004,11809.262035272226,13285.419789681255,r1,-53783.86549169376,-74307.86547075928,-20523.99997906552,0.27556347166069045
464,w155463663,104.99722011834383,sfh,12659.813951807402,14066.45994645267,15824.767439759253,r1,-64064.00225895812,-82773.50414552774,-18709.50188656962,0.27556347166069045
465,w155463665,467.86907609552145,trade,25152.751602532997,27947.501780592218,31440.939503166246,nr1,-118946.19021511122,-175468.64302549753,-56522.45281038631,0.27555247673131333
466,w155463667,587.3173447391018,mfh,62170.68286456457,69078.53651618285,77713.3535807057,r2,-289605.96661654697,-322955.1848054352,-33349.21818888822,0.25366279400032116
467,w155463669,557.4523567564785,mfh,63822.83861379559,70914.26512643954,79778.54826724448,r2,-297302.1047432499,-348255.2925122217,-50953.18776897184,0.25366279400032116
468,w155463671,449.48969881236553,mfh,44460.06219337882,49400.06910375424,55575.07774172352,r1,-224986.6811339196,-259149.83809193832,-34163.15695801872,0.27556347166069045
469,w155576276,58.73152135126293,other,7036.542804460303,7818.380893844781,8795.678505575379,nr1,-33275.483020784915,-59015.225331672445,-25739.74231088753,0.27555247673131333
470,w159548666,1258.4072781499474,other,45034.07044829587,50037.85605366207,56292.58806036983,nr1,-212964.02057118402,-325250.25049963495,-112286.22992845092,0.27555247673131333
471,w159548667,15669.025621107221,trade,613413.7969842755,681570.8855380839,766767.2462303443,nr2,-2670367.459870979,-3479202.9263940076,-808835.4665230284,0.25366279400032116
472,w159548669,2256.2803165019486,trade,261494.21083095495,290549.1231455055,326867.76353869366,nr2,-1138359.8396068092,-970789.6157543762,167570.22385243303,0.25366279400032116
473,w159548670,188.14899220019578,mfh,23028.989782019133,25587.766424465703,28786.237227523914,r1,-116536.40875237103,-135040.74798428433,-18504.339231913298,0.27556347166069045
474,w159548671,318.3455893772654,other,12677.331192583715,14085.923547315238,15846.663990729643,nr1,-59950.50844859338,-84492.94986931165,-24542.44142071827,0.27555247673131333
475,w159548672,170.00981159284711,ab,21983.144401197525,24425.716001330584,27478.930501496907,r1,-111243.98967776759,-137528.31922293187,-26284.329545164277,0.27556347166069045
476,w159548674,118.95309109317604,trade,10044.893361266411,11160.992623629345,12556.116701583014,nr1,-47501.83261537796,-75508.62864748824,-28006.796032110273,0.27555247673131333
477,w159548675,865.047436706489,mfh,94066.05527670533,104517.83919633925,117582.56909588166,r2,-438182.268699882,-504375.7044746951,-66193.43577481306,0.25366279400032116
478,w159548677,106.67055884185247,other,5052.772241354683,5614.191379282981,6315.965301693353,nr1,-23894.324471175692,-45383.6453528404,-21489.32088166471,0.27555247673131333
479,w159872586,633.9711885744706,mfh,61528.304105702184,68364.7823396691,76910.38013212773,r2,-286613.61213654955,-326753.48113453697,-40139.86899798742,0.25366279400032116
480,w159872589,1091.462102752924,mfh,104981.15974855874,116645.73305395416,131226.4496856984,r2,-489027.44580977387,-540903.8179339055,-51876.37212413165,0.25366279400032116
481,w159872591,2692.1037788091226,mfh,238842.17683578568,265380.1964842063,298552.7210447321,r2,-1112584.2005308399,-1178251.3728065703,-65667.17227573041,0.25366279400032116
482,w159872593,436.90541737405584,mfh,41771.57313857874,46412.85904286526,52214.46642322342,r1,-211381.79171488457,-230841.56239021436,-19459.770675329783,0.27556347166069045
483,w159872596,218.88012801047884,mfh,23926.839112240952,26585.376791378836,29908.54889030119,r1,-121079.90534232864,-143982.57446693105,-22902.669124602413,0.27556347166069045
484,w159872599,487.8712977081537,mfh,46825.5540892305,52028.39343247833,58531.94261153812,r1,-236957.0685927143,-259333.0197203872,-22375.951127672917,0.27556347166069045
485,w159872601,629.8896718598901,mfh,59138.13100415723,65709.03444906359,73922.66375519653,r2,-275479.6120007985,-308540.074473168,-33060.46247236949,0.25366279400032116
486,w159872603,453.131132603623,mfh,41977.27905722256,46641.42117469173,52471.59882152819,r1,-212422.75049096494,-229956.0638063773,-17533.31331541235,0.27556347166069045
487,w159872608,317.054659525305,mfh,36148.8017943321,40165.33532703567,45186.00224291513,r1,-182928.19536104603,-210770.42837569816,-27842.233014652127,0.27556347166069045
488,w159872611,474.9952949794941,mfh,49392.47210315651,54880.52455906279,61740.59012894564,r1,-249946.75723021897,-280086.40250925254,-30139.645279033575,0.27556347166069045
489,w159872613,461.6615135567263,mfh,49483.41463924298,54981.57182138109,61854.26829905373,r1,-250406.9648493402,-287893.9083554957,-37486.94350615551,0.27556347166069045
490,w159872615,129.00588214695452,mfh,16719.873106670097,18577.636785188995,20899.841383337618,r1,-84609.6153192111,-103809.66531733527,-19200.049998124174,0.27556347166069045
491,w159872617,185.93316667452453,mfh,23274.884584316744,25860.98287146305,29093.605730395928,r1,-117780.74024332562,-134543.87964867166,-16763.13940534604,0.27556347166069045
492,w159872620,129.2747205838561,mfh,17497.094806705965,19441.216451895518,21871.368508382457,r1,-88542.6851839306,-102122.71851446826,-13580.033330537655,0.27556347166069045
493,w159872622,447.3657494872576,mfh,46366.44062561429,51518.26736179365,57958.05078201786,r1,-234633.76067664273,-270740.2544978401,-36106.49382119739,0.27556347166069045
494,w159872625,238.36158968657256,mfh,25116.058872769172,27906.732080854636,31395.073590961463,r1,-127097.85929606747,-148507.56665257542,-21409.707356507948,0.27556347166069045
495,w159872628,167.04002443812786,mfh,19006.772350224233,21118.635944693593,23758.46543778029,r1,-96182.2907836989,-120898.23640082566,-24715.945617126752,0.27556347166069045
496,w159872630,195.52493976540862,mfh,18074.7621351929,20083.069039103222,22593.452668991125,r1,-91465.92569741617,-101613.78942057923,-10147.863723163056,0.27556347166069045
497,w159872632,133.65780365467072,th,16477.88462317202,18308.760692413354,20597.355778965022,r1,-83385.05145022555,-71107.13074994498,12277.920700280578,0.27556347166069045
498,w159872635,49.369007284846155,th,6739.6868476192685,7488.540941799187,8424.608559524086,r1,-34105.66024699821,-54136.952665272605,-20031.292418274395,0.27556347166069045
499,w159872640,133.91130499513818,mfh,16908.877072954834,18787.64119217204,21136.09634119354,r1,-85566.05516651936,-99875.35317026128,-14309.298003741918,0.27556347166069045
500,w159872643,87.82295271442271,other,9591.78852868142,10657.542809646022,11989.735660851775,nr1,-45359.120976679435,-68726.11168805571,-23366.990711376275,0.27555247673131333
501,w159872648,133.79360626488923,mfh,16965.31316645674,18850.347962729713,21206.641458070924,r1,-85851.64562111499,-104799.53630058492,-18947.89067946993,0.27556347166069045
502,w159872651,467.48304517045614,other,34799.30109969496,38665.890110772176,43499.126374618696,nr1,-164564.2732598848,-243939.1155417569,-79374.84228187212,0.27555247673131333
503,w159872654,134.11286987382917,mfh,15572.749109392586,17303.054565991763,19465.93638674073,r1,-78804.68369599403,-89708.26116475079,-10903.577468756761,0.27556347166069045
504,w159872660,131.42538360562176,mfh,16010.967487406166,17789.96387489574,20013.709359257708,r1,-81022.25365917433,-92993.41821220942,-11971.164553035094,0.27556347166069045
505,w159872663,509.8066861014813,other,40789.69983623175,45321.88870692417,50987.12479528969,nr1,-192892.58973356677,-164498.1811146773,28394.408618889458,0.27555247673131333
506,w159872669,96.41428965386004,other,6140.942525975589,6823.26947330621,7676.178157469486,nr1,-29040.231038627164,-53880.24565905739,-24840.01462043023,0.27555247673131333
507,w159872671,385.8471666022902,mfh,41085.27500261371,45650.30555845967,51356.59375326713,r1,-207908.8334628792,-228480.77847295266,-20571.945010073454,0.27556347166069045
508,w159872676,450.3884779855609,trade,21572.307796555673,23969.230885061857,26965.38474569459,nr1,-102014.43830462011,-151580.24391111467,-49565.805606494556,0.27555247673131333
509,w159872680,74.82275880910456,trade,6347.627257792996,7052.919175325551,7934.534072241245,nr1,-30017.633503923913,-51425.722469931694,-21408.08896600778,0.27555247673131333
510,w159872682,128.20031198486686,mfh,17098.113549140475,18997.903943489415,21372.641936425593,r1,-86523.67161206776,-108598.7901832426,-22075.11857117484,0.27556347166069045
511,w159872688,74.73616111706941,trade,5317.786693607912,5908.651881786568,6647.23336700989,nr1,-25147.565466259966,-42885.57766943092,-17738.01220317095,0.27555247673131333
512,w159872690,271.2794532585889,mfh,37662.36732773164,41847.07480859071,47077.95915966455,r1,-190587.47583072036,-217450.80523108615,-26863.329400365794,0.27556347166069045
513,w159872699,406.91918786983007,mfh,43877.34349126553,48752.60387918392,54846.67936408191,r1,-222037.87853771765,-238108.86767394264,-16070.989136224991,0.27556347166069045
514,w159872700,406.7131608505966,mfh,40678.93594210743,45198.8177134527,50848.66992763429,r1,-205852.5863024333,-223738.86351088015,-17886.277208446845,0.27556347166069045
515,w159872708,435.5580747295171,mfh,46872.894326570284,52080.9936961892,58591.11790821285,r1,-237196.63017580076,-271089.60623713996,-33892.9760613392,0.27556347166069045
516,w159872710,142.59727319749075,mfh,15785.244708098155,17539.160786775727,19731.555885122692,r1,-79880.00111908687,-95712.17279312456,-15832.171674037687,0.27556347166069045
517,w159872717,364.7500545413,mfh,42624.77941045999,47360.86601162221,53280.97426307498,r1,-215699.37558596148,-236823.3737570067,-21123.998171045212,0.27556347166069045
518,w159872718,186.0198295045644,mfh,25865.705318047403,28739.672575608223,32332.131647559254,r1,-130891.38673229555,-156421.7360043926,-25530.34927209704,0.27556347166069045
519,w159872719,169.79583046399057,mfh,20853.61252597942,23170.680584421578,26067.015657474276,r1,-105528.08161774375,-133510.94098435077,-27982.859366607023,0.27556347166069045
520,w159872726,172.48843573874328,mfh,18695.70090016346,20773.001000181623,23369.626125204326,r1,-94608.13794422959,-112682.48080599064,-18074.342861761048,0.27556347166069045
521,w159872727,172.59632431017235,mfh,21043.444879268325,23381.60542140925,26304.306099085406,r1,-106488.71345295233,-90808.92485162609,15679.788601326247,0.27556347166069045
522,w159872732,140.4957689295523,mfh,18976.199229647278,21084.665810719198,23720.249037059097,r1,-96027.57788877316,-118157.68713528033,-22130.10924650717,0.27556347166069045
523,w159872736,118.37831126665697,mfh,14679.616639748732,16310.68515527637,18349.520799685914,r1,-74285.05641153114,-89568.25896126952,-15283.202549738373,0.27556347166069045
524,w159872737,187.97203346798193,mfh,24944.26660849226,27715.85178721362,31180.333260615324,r1,-126228.5179259175,-150775.7842956144,-24547.266369696896,0.27556347166069045
525,w159872743,753.6066189933568,other,31827.00488865078,35363.33876516753,39783.75611081347,nr1,-150508.42298627447,-227411.03505254004,-76902.61206626557,0.27555247673131333
526,w159872746,394.377677144669,mfh,44537.18740147157,49485.76377941285,55671.484251839465,r1,-225376.96724114718,-192191.63625759174,33185.33098355544,0.27556347166069045
527,w159872748,575.8923149108887,trade,55207.313642999135,61341.45960333237,69009.14205374892,nr2,-240333.38445260827,-204955.53851081306,35377.84594179521,0.25366279400032116
528,w159872750,127.08080641776323,mfh,17865.116812482014,19850.129791646683,22331.396015602517,r1,-90405.03187394788,-147099.47037547172,-56694.43850152384,0.27556347166069045
529,w159872753,434.5401292324066,other,25725.96143987,28584.401599855555,32157.451799837498,nr1,-121656.87282441244,-181298.7550091538,-59641.882184741364,0.27555247673131333
530,w159872756,252.43327465518377,mfh,33635.93448393886,37373.260537709844,42044.91810492357,r1,-170212.02609802844,-197275.46777118376,-27063.44167315532,0.27556347166069045
531,w159872759,386.07803563163617,mfh,40885.04737063046,45427.83041181162,51106.30921328808,r1,-206895.5971296668,-234079.8761723093,-27184.279042642505,0.27556347166069045
532,w159872763,1345.7076428122818,trade,70170.62199602295,77967.35777335883,87713.27749502868,nr2,-305472.9882801933,-405011.3226912207,-99538.33441102738,0.25366279400032116
533,w159872767,486.0339612279087,mfh,45082.85482234876,50092.060913720845,56353.568527935946,r1,-228138.27471507937,-244365.24984316976,-16226.975128090387,0.27556347166069045
534,w159872769,563.4171857964247,other,35443.64525157622,39381.82805730691,44304.55656447027,nr1,-167611.3467278208,-242268.00452177128,-74656.65779395046,0.27555247673131333
535,w159872774,2747.8572637828997,other,119011.47723873041,132234.97470970044,148764.346548413,nr2,-518091.34018814395,-726409.638471941,-208318.29828379705,0.25366279400032116
536,w159872776,80.53474041707815,sfh,12444.034937831644,13826.705486479605,15555.043672289554,r1,-62972.06936868012,-82268.46720750893,-19296.397838828816,0.27556347166069045
537,w159872779,530.1892838459462,trade,41088.84380523203,45654.270894702255,51361.054756540034,nr1,-194307.22762291913,-266967.2705948714,-72660.0429719523,0.27555247673131333
538,w159872782,386.9254036822822,mfh,34779.397511211064,38643.77501245674,43474.246889013826,r1,-175998.43166773615,-189277.14688167552,-13278.715213939373,0.27556347166069045
539,w159872787,649.6997715241275,sfh,73844.5187104147,82049.46523379411,92305.64838801838,r2,-343985.4966214729,-377407.4214046138,-33421.924783140945,0.25366279400032116
540,w159872789,103.62989482581615,mfh,13622.502345110554,15136.113716789503,17028.12793138819,r1,-68935.61187644707,-85084.98629861702,-16149.374422169945,0.27556347166069045
541,w159872791,7102.280937734339,other,341045.9633446604,378939.9592718449,426307.4541808255,nr2,-1484671.5990303645,-1870757.4148185484,-386085.8157881838,0.25366279400032116
542,w159872796,295.65545302389654,other,14692.2812732514,16324.756970279332,18365.35159156425,nr1,-69479.11348379422,-107483.52624475205,-38004.41276095783,0.27555247673131333
543,w159872797,3172.659030787088,other,124134.27925297005,137926.9769477445,155167.84906621257,nr2,-540392.3772196565,-779798.6352680143,-239406.2580483578,0.25366279400032116
544,w159872802,393.79842739673325,mfh,39710.81716874246,44123.130187491624,49638.521460928074,r1,-200953.4966696873,-217875.81664754407,-16922.319977856765,0.27556347166069045
545,w159872803,469.9664310747758,mfh,46940.21759095484,52155.79732328315,58675.271988693545,r1,-237537.31431049906,-202561.44923949364,34975.86507100542,0.27556347166069045
546,w159872804,664.4021281981841,mfh,71285.2107419375,79205.78971326388,89106.51342742186,r2,-332063.62566993583,-283169.35994106217,48894.26572887367,0.25366279400032116
547,w159872808,295.65545226749964,other,15824.74835213696,17583.053724596622,19780.935440171197,nr1,-74834.49752710137,-111687.28156347014,-36852.78403636877,0.27555247673131333
548,w159872809,678.8678823016584,other,34505.649287262946,38339.61031918105,43132.06160907868,nr1,-163175.60752301037,-239089.31656501454,-75913.70904200416,0.27555247673131333
549,w159872812,337.05531151816245,mfh,38041.70913462511,42268.56570513901,47552.136418281385,r1,-192507.10549243994,-217544.997377959,-25037.891885519057,0.27556347166069045
550,w159872814,765.4437305399682,mfh,79399.36095195425,88221.51216883806,99249.2011899428,r2,-369861.285379785,-407376.45659196103,-37515.171212176036,0.25366279400032116
551,w159872815,1229.117813373683,mfh,149792.9605537908,166436.62283754532,187241.2006922385,r2,-697771.5723026216,-798302.2667846715,-100530.6944820499,0.25366279400032116
552,w159872820,336.8380303993821,mfh,38637.43829336847,42930.48699263163,48296.797866710585,r1,-195521.74649085783,-228319.11141581598,-32797.36492495815,0.27556347166069045
553,w159872826,1791.1392054180615,th,178358.86709907744,198176.51899897493,222948.5838738468,r2,-830838.4230455619,-917137.1532266041,-86298.73018104222,0.25366279400032116
554,w159872827,157.03123329076917,th,22144.882072210334,24605.424524678147,27681.102590262915,r1,-112062.4505619928,-136514.47775873455,-24452.02719674175,0.27556347166069045
555,w159872832,35.670331929810345,sfh,3676.201183569743,4084.667981744159,4595.251479462178,r0,-22827.421160771246,-34517.90231357817,-11690.481152806922,0.3381368364046027
556,w159872833,162.84196072258055,mfh,21239.15922568886,23599.065806320956,26548.949032111075,r1,-107479.11065617549,-127742.77396785187,-20263.663311676384,0.27556347166069045
557,w159872834,33.79703346360475,sfh,4555.214293213258,5061.349214681398,5694.017866516572,r0,-28285.66499937074,-41738.24026822403,-13452.575268853288,0.3381368364046027
558,w159872835,42.916394099872555,th,6704.477568681241,7449.419520756934,8380.59696085155,r1,-33927.48643385935,-43688.32439828542,-9760.837964426071,0.27556347166069045
559,w159872839,58.88304680213332,other,5318.843004436388,5909.8255604848755,6648.553755545484,nr1,-25152.560710943955,-45008.99621195732,-19856.435501013362,0.27555247673131333
560,w159872840,318.65718863122163,other,26659.24765591642,29621.386284351578,33324.05956989552,nr1,-126070.33984914224,-178395.2359726602,-52324.896123517945,0.27555247673131333
561,w159872842,48.8293092939537,other,2375.76436505535,2639.7381833948334,2969.7054563191873,nr0,-13775.851599551963,-21093.08138510239,-7317.229785550426,0.33787369109484405
562,w159872843,143.51003436879253,mfh,19080.71500207315,21200.794446747943,23850.893752591437,r1,-96556.47181298693,-122671.60780012993,-26115.135987143003,0.27556347166069045
563,w159872845,162.83680398128925,mfh,21498.13375395689,23886.81528217432,26872.667192446108,r1,-108789.6310814466,-134365.99778568398,-25576.366704237385,0.27556347166069045
564,w159872848,156.42925329236314,mfh,21291.72814453538,23657.47571615042,26614.660180669223,r1,-107745.13157469408,-91880.3433625641,15864.788212129977,0.27556347166069045
565,w159872851,167.48750086340587,mfh,20694.65294755158,22994.058830612867,25868.316184439474,r1,-104723.67905462155,-127983.60305584814,-23259.924001226595,0.27556347166069045
566,w159872853,143.46053532976657,th,18641.830787650975,20713.145319612195,23302.288484563716,r1,-94335.53243653194,-80445.22276674818,13890.309669783761,0.27556347166069045
567,w159872855,768.5454076524824,other,30902.518900127714,34336.13211125301,38628.14862515964,nr1,-146136.57182741378,-212751.68025942106,-66615.10843200728,0.27555247673131333
568,w159872857,315.41669200100006,mfh,33248.68266430212,36942.98073811347,41560.85333037765,r1,-168252.36843303946,-193631.80404660624,-25379.435613566777,0.27556347166069045
569,w159872858,136.24142913175746,other,12600.205042488164,14000.227824986849,15750.256303110204,nr1,-59585.78247885491,-97732.84783318925,-38147.06535433434,0.27555247673131333
570,w159872860,131.01957194106652,other,10778.366395040914,11975.96266115657,13472.957993801141,nr1,-50970.392412398774,-76013.7429641088,-25043.35055171002,0.27555247673131333
571,w159872862,156.42902136784977,mfh,20547.76308719318,22830.847874659088,25684.703858991474,r1,-103980.35435951613,-117149.19969396517,-13168.84533444904,0.27556347166069045
572,w159872865,158.90607472276315,mfh,21250.92912058293,23612.143467314363,26563.66140072866,r1,-107538.67129237059,-91704.28304918035,15834.388243190246,0.27556347166069045
573,w159872867,192.56274920739233,mfh,23626.608294376343,26251.78699375149,29533.260367970426,r1,-119560.61067756453,-138272.99231326414,-18712.38163569961,0.27556347166069045
574,w159872868,54.98272090442479,other,4338.732794656411,4820.814216284901,5423.415993320514,nr0,-25158.109107299268,-37890.033692146884,-12731.924584847617,0.33787369109484405
575,w159872870,315.09365436807275,mfh,33572.70898486998,37303.00998318887,41965.886231087476,r1,-169892.0783854798,-194592.37446507384,-24700.29607959403,0.27556347166069045
576,w159872874,56.548262861557305,th,6258.9085433516675,6954.342825946297,7823.635679189584,r1,-31672.719092577827,-52193.24965593271,-20520.530563354885,0.27556347166069045
577,w159872876,86.08918008172186,other,7937.8236826816055,8819.804091868451,9922.279603352006,nr1,-37537.598294382165,-60416.376265154555,-22878.77797077239,0.27555247673131333
578,w159872878,413.8979488207959,mfh,49390.03592714167,54877.81769682407,61737.544908927084,r1,-249934.4291512826,-287013.0409378661,-37078.6117865835,0.27556347166069045
579,w159872879,205.3686287334189,mfh,25436.2263636754,28262.47373741711,31795.282954594248,r1,-128718.04194162152,-154035.74541193008,-25317.703470308566,0.27556347166069045
580,w159872883,329.8948070596903,th,38258.33027645758,42509.25586273064,47822.91284557197,r1,-193603.29990513207,-239058.41432025682,-45455.11441512476,0.27556347166069045
581,w159872884,900.053558271192,other,37831.76819712391,42035.297996804344,47289.71024640488,nr1,-178904.6688512572,-279482.49482069566,-100577.82596943848,0.27555247673131333
582,w159872887,1008.3728146322071,other,88407.21114906944,98230.23461007715,110509.01393633679,nr2,-384862.1290082747,-505652.5000188289,-120790.3710105542,0.25366279400032116
583,w159872892,458.9937253634445,other,39649.09661200691,44054.55179111879,49561.370765008636,nr1,-187498.73023809298,-266166.069922559,-78667.33968446605,0.27555247673131333
584,w159872895,353.7920229201671,th,49227.57275316536,54697.30305907262,61534.4659414567,r1,-249112.29691582976,-279615.53158497234,-30503.234669142577,0.27556347166069045
585,w159872899,2008.66189844124,other,87830.35072413228,97589.2785823692,109787.93840516535,nr2,-382350.88893638074,-530695.7578051256,-148344.86886874482,0.25366279400032116
587,w160025355,131.5437356668757,ab,15822.357973565722,17580.397748406358,19777.94746695715,r1,-80067.80990773119,-110952.11592101603,-30884.306013284833,0.27556347166069045
588,w160025360,102.43726858533918,mfh,14598.10513130861,16220.116812565122,18247.63141413576,r1,-73872.57377310393,-91352.9772691006,-17480.403495996667,0.27556347166069045
589,w160025362,106.2412323884666,mfh,12893.32495058692,14325.916611763245,16116.65618823365,r1,-65245.66647695136,-90491.82849504674,-25246.162018095376,0.27556347166069045
590,w160025367,104.2175793532282,mfh,14296.527182761089,15885.030203067876,17870.65897845136,r1,-72346.46205846517,-88391.38196416928,-16044.919905704111,0.27556347166069045
591,w160025369,103.97346241511406,mfh,13712.751918131698,15236.391020146331,17140.939897664623,r1,-69392.31280996047,-85656.25042201928,-16263.937612058813,0.27556347166069045
592,w160025373,103.9182820610702,mfh,12692.477684318626,14102.75298257625,15865.597105398283,r1,-64229.29453271117,-78161.74020362306,-13932.445670911897,0.27556347166069045
593,w160025375,104.46434533819556,mfh,15200.83881015165,16889.8209001685,19001.048512689562,r1,-76922.66059980946,-65596.2860221932,11326.374577616254,0.27556347166069045
594,w160025376,101.26918978765606,other,6767.594541506047,7519.5494905622745,8459.493176882557,nr1,-32003.63921821028,-50115.772006041094,-18112.132787830815,0.27555247673131333
595,w160025380,128.15635424628857,th,16535.50385671767,18372.782063019633,20669.379820897087,r1,-83676.62909284177,-107244.66346000945,-23568.034367167682,0.27556347166069045
596,w160025381,64.08582323277369,th,8805.145795153388,9783.495327948209,11006.432243941736,r1,-44557.75434445689,-68250.11478486506,-23692.36044040817,0.27556347166069045
597,w160025384,125.48521707579494,mfh,13228.087159594033,14697.874621771149,16535.10894949254,r1,-66939.70455647493,-83717.22157215742,-16777.51701568249,0.27556347166069045
598,w160025385,125.6767025694251,mfh,12483.801305090501,13870.890338989446,15604.751631363126,r1,-63173.30397225328,-76969.31925532228,-13796.015283068999,0.27556347166069045
599,w160025388,125.67682776004075,mfh,12887.497210468891,14319.441344965435,16109.371513086113,r1,-65216.1756520856,-77096.11767078764,-11879.942018702044,0.27556347166069045
600,w160025389,125.54291224256157,mfh,15947.091501286146,17718.990556984605,19933.864376607682,r1,-80699.0142075786,-100035.24665896322,-19336.232451384625,0.27556347166069045
601,w160025392,101.23846836648882,other,7707.166695034264,8563.51855003807,9633.95836879283,nr1,-36446.83214836805,-57931.21819882618,-21484.38605045813,0.27555247673131333
602,w160025393,241.441205301648,mfh,29760.98461218925,33067.76068021028,37201.23076523656,r1,-150603.1441443031,-180799.34132842094,-30196.19718411783,0.27556347166069045
603,w160025394,520.9474028991534,mfh,62962.95736238052,69958.84151375612,78703.69670297565,r2,-293296.571435308,-250110.50890830395,43186.06252700408,0.25366279400032116
604,w160025395,347.3527018059045,mfh,41270.74084393225,45856.37871548028,51588.42605491531,r1,-208847.36890442844,-270832.6349633348,-61985.26605890639,0.27556347166069045
605,w160025396,362.18757194392384,mfh,37666.70161233902,41851.89068037669,47083.37701542377,r1,-190609.40914031994,-219861.4768492203,-29252.067708900344,0.27556347166069045
606,w160025398,216.67090053744613,mfh,25759.482837806354,28621.647597562616,32199.353547257942,r1,-130353.85614614165,-158454.89350691205,-28101.037360770395,0.27556347166069045
607,w160025399,277.5212213275954,mfh,34672.16062353594,38524.62291503994,43340.20077941992,r1,-175455.76775178802,-149621.01721320726,25834.75053858076,0.27556347166069045
608,w160025402,733.1297983160242,mfh,73752.53405858297,81947.26006509218,92190.66757322871,r2,-343557.01002971944,-392726.0797835514,-49169.06975383195,0.25366279400032116
609,w160025403,118.93753181435167,th,13366.26539456982,14851.405993966466,16707.831743212275,r1,-67638.94474999799,-83434.24809517912,-15795.303345181135,0.27556347166069045
610,w160025405,118.80893169231713,mfh,11413.826109522666,12682.02901058074,14267.282636903332,r1,-57758.777849924234,-66143.62372330534,-8384.845873381106,0.27556347166069045
611,w160025406,118.8714888818562,mfh,12694.703117102687,14105.225685669651,15868.378896378357,r1,-64240.556161945846,-71260.04465505604,-7019.488493110199,0.27556347166069045
612,w160025409,118.87152101863175,mfh,13545.552141340295,15050.613490378106,16931.94017667537,r1,-68546.21136495998,-83798.77088168552,-15252.559516725538,0.27556347166069045
613,w160025412,678.325670054555,mfh,83112.16289052342,92346.84765613714,103890.20361315427,r2,-387156.4081729105,-330150.0791549341,57006.329017976415,0.25366279400032116
614,w160025415,1309.668819526094,mfh,134843.0872649352,149825.65251659465,168553.85908116898,r2,-628131.4733825942,-699460.2944562914,-71328.82107369718,0.25366279400032116
615,w160025422,678.3786613484378,mfh,78555.95700031816,87284.39666702018,98194.9462503977,r2,-365932.50729005603,-406370.5134946396,-40438.006204583566,0.25366279400032116
616,w160025427,555.729584345687,mfh,68356.5049155554,75951.67212839489,85445.63114444424,r2,-318421.01081185887,-271535.5337142656,46885.47709759325,0.25366279400032116
617,w160025428,926.2977557130158,mfh,100962.61735123128,112180.68594581253,126203.2716890391,r2,-470308.1105580949,-529464.5127120969,-59156.40215400199,0.25366279400032116
618,w160025434,188.0208901744336,mfh,25126.424219116037,27918.249132351153,31408.030273895045,r1,-127150.31232375873,-150044.41195304197,-22894.099629283242,0.27556347166069045
619,w160025437,385.6369404070079,mfh,43222.04791881172,48024.497687568575,54027.55989851464,r1,-218721.80634315172,-248431.05966654178,-29709.25332339006,0.27556347166069045
620,w160025438,514.208815998584,mfh,66439.19135967275,73821.32373296973,83048.98919959094,r2,-309489.7039631306,-263919.30523187993,45570.398731250665,0.25366279400032116
621,w160025439,231.99735509790483,mfh,23422.747428464972,26025.274920516636,29278.434285581214,r1,-118528.9886471006,-145274.66532017724,-26745.67667307664,0.27556347166069045
622,w160025441,239.19352681115268,mfh,29974.211052689745,33304.67894743305,37467.76381586218,r1,-151682.159935364,-129347.92257574148,22334.237359622522,0.27556347166069045
623,w160025442,258.45977183450015,mfh,26407.168715404667,29341.29857267185,33008.96089425583,r1,-133631.42007271337,-153647.60789230396,-20016.18781959059,0.27556347166069045
624,w160025445,358.2598954875022,mfh,37036.861616907394,41152.06846323044,46296.07702113424,r1,-187422.15291019555,-217448.15470234083,-30026.00179214528,0.27556347166069045
625,w160025446,282.03160609211767,mfh,32653.249972380814,36281.3888582009,40816.56246547602,r1,-165239.2276818787,-140908.79796133406,24330.429720544635,0.27556347166069045
626,w160025449,151.84076374266294,mfh,15398.815708212785,17109.79523134754,19248.51963526598,r1,-77924.50726934915,-97546.2117640917,-19621.704494742546,0.27556347166069045
627,w160025451,187.46145662125198,mfh,22242.272514884975,24713.63612764997,27802.840643606218,r1,-112555.28731008878,-134463.93052091528,-21908.6432108265,0.27556347166069045
628,w160025452,105.00601281486452,mfh,13097.326417448377,14552.584908275974,16371.658021810472,r1,-66278.0000075699,-82430.19880156658,-16152.198793996678,0.27556347166069045
629,w160025453,104.94913844838739,mfh,14710.976976171565,16345.52997352396,18388.721220214455,r1,-74443.75295091806,-91972.14130114576,-17528.388350227702,0.27556347166069045
630,w160025454,86.96602670811116,mfh,9958.714429546208,11065.238255051341,12448.393036932759,r1,-50395.298551736014,-74402.84846712727,-24007.54991539126,0.27556347166069045
631,w160025455,103.15431486908346,mfh,14454.34817374303,16060.386859714477,18067.935217178787,r1,-73145.10288851742,-90521.17929087828,-17376.076402360864,0.27556347166069045
632,w160025456,162.83409464433788,mfh,15439.821255317227,17155.356950352474,19299.776569146532,r1,-78132.0126459944,-87984.05255004874,-9852.039904054342,0.27556347166069045
633,w160025457,103.20248084068298,mfh,13888.002639595677,15431.114043995196,17360.003299494594,r1,-70279.15543327956,-85925.22924963228,-15646.073816352713,0.27556347166069045
634,w160025458,101.69107806179672,mfh,14620.583473797502,16245.09274866389,18275.729342246876,r1,-73986.3236741268,-125742.15733922651,-51755.83366509971,0.27556347166069045
635,w160025459,108.44199563004076,mfh,13875.057936342178,15416.731040380198,17343.82242042772,r1,-70213.6497709033,-88342.1421051504,-18128.4923342471,0.27556347166069045
636,w160025462,124.9876569705084,mfh,15710.045915399749,17455.606572666387,19637.557394249685,r1,-79499.46348688779,-99415.59573718726,-19916.132250299474,0.27556347166069045
637,w160025465,103.21026510931551,mfh,13114.320013160435,14571.466681289372,16392.90001645054,r1,-66363.99477480972,-78305.0405867881,-11941.045811978387,0.27556347166069045
638,w160025467,105.14285953305661,mfh,14341.115732538854,15934.573036154281,17926.394665673568,r1,-72572.09894101025,-88340.07885764324,-15767.97991663299,0.27556347166069045
639,w160025469,108.37528205253183,mfh,12119.687617749969,13466.319575277743,15149.60952218746,r1,-61330.73502320715,-77731.05430527727,-16400.319282070122,0.27556347166069045
640,w160025471,48.55004379618913,sfh,6829.869385996844,7588.743762218715,8537.336732496055,r1,-34562.021956920085,-47062.56980349585,-12500.547846575762,0.27556347166069045
641,w160025472,101.69099241122603,mfh,13375.50809475645,14861.6756608405,16719.38511844556,r1,-67685.71671425347,-57719.42362087659,9966.293093376888,0.27556347166069045
642,w160025474,105.6897082787007,mfh,13340.076698786537,14822.307443096151,16675.09587348317,r1,-67506.41889517847,-87431.74023647707,-19925.321341298593,0.27556347166069045
643,w160025476,96.35599186792969,mfh,11760.455718228655,13067.17302025406,14700.569647785818,r1,-59512.86998111165,-50749.97680582394,8762.89317528771,0.27556347166069045
644,w160025477,108.4367577029392,mfh,13789.217767408181,15321.35307489798,17236.522209260227,r1,-69779.26228326475,-83104.78284426521,-13325.520561000463,0.27556347166069045
645,w160025481,105.0061043202877,mfh,13105.966754568803,14562.185282854225,16382.458443211002,r1,-66321.72376045508,-77239.57369535477,-10917.8499348997,0.27556347166069045
646,w160025482,103.2132654029876,mfh,14060.161845670413,15622.402050744902,17575.202307088013,r1,-71150.35368381132,-88721.21620163716,-17570.862517825837,0.27556347166069045
647,w160025484,128.51466068420558,mfh,13247.347808026228,14719.275342251365,16559.184760032786,r1,-67037.1715673936,-75423.03713454431,-8385.865567150715,0.27556347166069045
648,w160025486,101.26240085978061,mfh,13302.68360909849,14780.75956566499,16628.354511373112,r1,-67317.1940778657,-80991.40040144237,-13674.20632357667,0.27556347166069045
649,w160025487,105.13472320698202,mfh,14158.708934601254,15731.898816223616,17698.386168251567,r1,-71649.04355018001,-88757.1132753384,-17108.06972515839,0.27556347166069045
650,w160025490,87.12732640933245,mfh,12040.780464448602,13378.644960498446,15050.975580560753,r1,-60931.43152107114,-110008.70614552844,-49077.2746244573,0.27556347166069045
651,w160025492,101.576605540514,mfh,13964.916070301266,15516.57341144585,17456.145087876583,r1,-70668.36985753763,-86658.74465981014,-15990.374802272505,0.27556347166069045
652,w160025494,105.68961535468698,mfh,14285.138779463909,15872.376421626564,17856.423474329884,r1,-72288.83193077659,-88923.21882007203,-16634.386889295434,0.27556347166069045
653,w160025496,100.3227494932711,mfh,13748.271791453237,15275.857546059151,17185.339739316543,r1,-69572.05836178071,-86569.93279169098,-16997.87442991027,0.27556347166069045
654,w160025498,53.38166442215442,th,6600.947610690868,7334.386234100964,8251.184513363583,r1,-33403.581146797995,-52404.4938029519,-19000.91265615391,0.27556347166069045
655,w160025500,108.55102695096282,mfh,13356.061664075802,14840.06851563978,16695.07708009475,r1,-67587.3095667396,-79705.98240540836,-12118.672838668761,0.27556347166069045
656,w160025504,103.15687311664223,mfh,13210.204122827778,14678.004580919753,16512.75515353472,r1,-66849.20884207093,-78503.80753256324,-11654.598690492305,0.27556347166069045
657,w160025505,103.09466042611747,mfh,11999.591279695112,13332.879199661236,14999.48909961889,r1,-60722.9968604089,-76316.33664028994,-15593.33977988104,0.27556347166069045
658,w160025507,85.83866344131528,mfh,11973.740029139291,13304.155587932546,14967.175036424114,r1,-60592.17862087478,-78484.0311272034,-17891.85250632862,0.27556347166069045
659,w160025509,108.27769679883495,mfh,14945.057217444468,16605.61913049385,18681.321521805585,r1,-75628.29777620308,-95516.0607025316,-19887.76292632852,0.27556347166069045
660,w160025513,105.03020258601755,mfh,11679.227174263047,12976.919082514496,14599.03396782881,r1,-59101.8192623638,-70875.37010754764,-11773.55084518384,0.27556347166069045
661,w160025515,104.96566433478147,mfh,13255.429579015141,14728.255087794601,16569.286973768925,r1,-67078.06873988453,-77824.31014258323,-10746.241402698695,0.27556347166069045
662,w160025517,132.51887063886969,mfh,14316.368058185923,15907.07562020658,17895.460072732403,r1,-72446.86526287837,-83757.43673852363,-11310.57147564525,0.27556347166069045
663,w160032048,197.876624872908,mfh,22760.163304132715,25289.070337925237,28450.204130165894,r1,-115176.03330355769,-136917.9251289215,-21741.891825363797,0.27556347166069045
664,w160032049,177.6117346536368,mfh,20420.46582699145,22689.406474434945,25525.582283739313,r1,-103336.17649117087,-149174.55812066866,-45838.38162949779,0.27556347166069045
665,w160032050,605.1206229591743,mfh,68794.57954872533,76438.42172080593,85993.22443590667,r2,-320461.6676253886,-364012.1988255369,-43550.53120014828,0.25366279400032116
666,w160032051,604.9254235289991,mfh,66484.26842234895,73871.4093581655,83105.33552793619,r2,-309699.683743102,-345659.7354419696,-35960.05169886758,0.25366279400032116
667,w160032052,558.9287057133391,mfh,63671.536875409336,70746.15208378815,79589.42109426166,r2,-296597.30492157885,-346148.8274808243,-49551.522559245466,0.25366279400032116
668,w160032053,914.9869650162756,mfh,118384.96876544278,131538.85418382531,147981.21095680346,r2,-551465.6061744369,-470265.78841593163,81199.81775850523,0.25366279400032116
669,w160032054,558.7663555394857,mfh,60610.35153484233,67344.8350387137,75762.93941855291,r2,-282337.5686809687,-321915.13451992517,-39577.56583895645,0.25366279400032116
670,w160032055,915.1860893286764,mfh,117551.19343225891,130612.43714695434,146938.99179032363,r2,-547581.680501081,-466953.74619882944,80627.93430225161,0.25366279400032116
671,w160032056,579.5610938113182,mfh,57693.31188162339,64103.67986847043,72116.63985202923,r2,-268749.29765828105,-290468.70714800566,-21719.40948972461,0.25366279400032116
672,w160032057,300.306428108085,mfh,37313.43611538925,41459.37346154361,46641.79514423657,r1,-188821.73661363393,-161018.9318145588,27802.804799075122,0.27556347166069045
673,w160032058,579.3688813976943,mfh,57693.4417204568,64103.82413384089,72116.80215057099,r2,-268749.9024787385,-302588.1030269124,-33838.20054817386,0.25366279400032116
674,w160032059,915.3225905947387,mfh,92194.63134061452,102438.47926734947,115243.28917576815,r2,-429464.72671724716,-366228.76575667184,63235.96096057532,0.25366279400032116
675,w160032060,914.9022733874618,mfh,89683.02969465003,99647.81077183336,112103.78711831254,r2,-417765.0832692284,-451308.63329684373,-33543.55002761533,0.25366279400032116
676,w160032061,434.5004198986106,mfh,54507.02112981529,60563.35681090588,68133.77641226912,r2,-253906.79037701234,-216520.62363257376,37386.16674443858,0.25366279400032116
677,w160032062,579.3681231357157,mfh,63760.568600850966,70845.07622316774,79700.7107510637,r2,-297012.0360732734,-253278.89491051584,43733.14116275756,0.25366279400032116
678,w160032063,157.0142166607082,mfh,21768.76703500984,24187.51892778871,27210.9587937623,r1,-110159.14971692782,-130337.56112418609,-20178.411407258274,0.27556347166069045
679,w160032064,245.02896427586674,mfh,31648.601750868154,35165.11305652017,39560.75218858519,r1,-160155.28362255418,-181671.11076420642,-21515.827141652233,0.27556347166069045
680,w160032065,177.6155174203217,mfh,23633.30432957042,26259.22703285602,29541.630411963022,r1,-119594.49544201938,-143455.78747276403,-23861.292030744647,0.27556347166069045
681,w160032066,915.0334876678884,mfh,90981.15204470573,101090.16893856191,113726.44005588215,r2,-423812.0488268272,-460873.3547021477,-37061.30587532051,0.25366279400032116
682,w160032067,686.1767572972923,mfh,82068.33429355826,91187.03810395363,102585.41786694783,r2,-382294.0039676258,-434721.4238204269,-52427.41985280113,0.25366279400032116
683,w160032068,579.4084268193692,mfh,55797.50842459628,61997.23158288475,69746.88553074535,r2,-259918.1900141303,-283260.28246950055,-23342.092455370264,0.25366279400032116
684,w160032069,582.2339869499207,mfh,56337.525071553566,62597.25007950396,70421.90633944195,r2,-262433.71720194933,-283097.78865641163,-20664.071454462304,0.25366279400032116
685,w160032070,655.6557445708662,mfh,64738.30461673968,71931.4495741552,80922.8807709246,r2,-301566.5651685081,-330939.9884239808,-29373.423255472677,0.25366279400032116
686,w160032071,187.63290931591763,mfh,21296.262178485253,23662.513531650282,26620.327723106566,r1,-107768.0757002802,-127622.05565731695,-19853.979957036747,0.27556347166069045
687,w160032072,300.05888833065984,mfh,31840.051021962732,35377.83446884748,39800.06377745341,r1,-161124.0977443548,-178297.49021744315,-17173.392473088345,0.27556347166069045
688,w160032074,652.9879129000007,mfh,66119.07190804384,73465.63545338204,82648.8398850548,r2,-307998.5107037013,-343581.74946114514,-35583.23875744385,0.25366279400032116
689,w160032075,187.48918503960593,mfh,19824.58853199762,22027.320591108466,24780.73566499702,r1,-100320.7858607978,-124213.59930406825,-23892.813443270454,0.27556347166069045
690,w160032079,410.4375718038529,mfh,56450.435111772305,62722.70567974701,70563.04388971538,r2,-262959.67927654163,-224240.53197882947,38719.14729771216,0.25366279400032116
691,w160032080,367.35827468354256,mfh,37513.62238413698,41681.802649041085,46892.027980171224,r1,-189834.76363141538,-217092.2114265372,-27257.447795121814,0.27556347166069045
692,w160032082,146.62608959153295,mfh,18641.24062010344,20712.48957789271,23301.550775129297,r1,-94332.54593963377,-116295.86038693016,-21963.31444729639,0.27556347166069045
693,w160032083,292.00384606306903,mfh,30643.0030164966,34047.781129440664,38303.75377062075,r1,-155066.5295669555,-173736.12992478683,-18669.60035783134,0.27556347166069045
694,w160032087,547.5336022242903,mfh,60767.66004008141,67519.62226675713,75959.57505010176,r2,-283070.3494647347,-241390.03335431853,41680.3161104162,0.25366279400032116
695,w160032089,324.3052944285795,mfh,36712.527765060455,40791.69751673384,45890.65970632557,r1,-185780.88671967524,-221670.3438589914,-35889.45713931616,0.27556347166069045
696,w160032093,651.9691053661052,mfh,70334.93715781553,78149.93017535059,87918.6714472694,r2,-327637.0231750054,-364403.0244586383,-36766.00128363288,0.25366279400032116
697,w160032096,417.5862662355881,mfh,47555.89860683755,52839.88734093061,59444.87325854694,r1,-240652.92012765064,-276787.7511655439,-36134.83103789328,0.27556347166069045
698,w160032097,55.47504670508206,th,7948.649698139474,8831.832997932748,9935.812122674342,r1,-40223.52256958513,-61858.11505964755,-21634.592490062416,0.27556347166069045
699,w160032099,154.26596265360712,mfh,19916.581628132146,22129.53514236905,24895.727035165182,r1,-100786.30975719987,-117119.84089355447,-16333.531136354606,0.27556347166069045
700,w160032101,417.4909567882307,mfh,46112.95125263289,51236.61250292543,57641.18906579111,r1,-233350.99745238668,-266034.8101632456,-32683.81271085891,0.27556347166069045
701,w160032104,110.95144802480935,th,12429.560392323068,13810.622658136743,15536.950490403835,r1,-62898.82205875213,-80906.74774346559,-18007.92568471346,0.27556347166069045
702,w160032105,152.98637234792113,mfh,20848.956423449432,23165.507137166034,26061.19552931179,r1,-105504.51977361756,-89969.64745810548,15534.872315512082,0.27556347166069045
703,w160032106,115.7174410201609,mfh,13210.000451569256,14677.778279521395,16512.50056446157,r1,-66848.1781795339,-93977.79532700792,-27129.61714747401,0.27556347166069045
704,w160032107,169.80155310891567,th,20257.197734231464,22507.997482479404,25321.49716778933,r1,-102509.97102691932,-87416.02704814912,15093.9439787702,0.27556347166069045
705,w160032108,125.84912734059617,mfh,15892.879065874109,17658.7545176379,19866.098832342635,r1,-80424.67640151594,-99006.62932091451,-18581.952919398565,0.27556347166069045
706,w160032109,117.1162128248019,mfh,12173.84675432335,13526.49639369261,15217.308442904186,r1,-61604.803114648945,-79193.82555856268,-17589.02244391373,0.27556347166069045
707,w160032110,214.96215275530702,mfh,27759.583627761367,30843.98180862374,34699.479534701706,r1,-140475.21037880227,-165691.1815654734,-25215.971186671144,0.27556347166069045
708,w160032111,253.8681676615961,th,29680.37219464188,32978.191327379864,37100.46524330235,r1,-150195.2112852963,-181958.75559801678,-31763.544312720478,0.27556347166069045
709,w160032112,125.84912488418631,th,14784.277193453934,16426.97465939326,18480.346491817418,r1,-74814.68299013001,-91330.70116691619,-16516.01817678618,0.27556347166069045
710,w160032113,105.45346036842092,mfh,13847.210707174945,15385.789674638827,17309.01338396868,r1,-70072.73103709987,-86647.35434845777,-16574.623311357893,0.27556347166069045
711,w160032114,381.28189064939505,mfh,38441.58971886041,42712.87746540045,48051.98714857551,r1,-194530.67003685463,-217783.5297189829,-23252.85968212827,0.27556347166069045
712,w160032115,139.91205219514669,mfh,18194.998750903073,20216.66527878119,22743.748438628838,r1,-92074.37372436101,-110559.50793657164,-18485.13421221063,0.27556347166069045
713,w160032116,192.1807412372902,mfh,25401.90433957016,28224.338155077952,31752.3804244627,r1,-128544.3580124437,-109617.01544088748,18927.34257155622,0.27556347166069045
714,w160032117,302.6253065098543,mfh,38132.472874110405,42369.414304567115,47665.591092638,r1,-192966.40832528978,-164553.32686727672,28413.08145801307,0.27556347166069045
715,w160032118,188.54685349911452,mfh,24193.179771566014,26881.31085729557,30241.474714457516,r1,-122427.70149996624,-147275.37503278418,-24847.67353281795,0.27556347166069045
716,w160032119,301.6826584111899,mfh,37828.96424629396,42032.182495882174,47286.20530786744,r1,-191430.5265586174,-217909.7989715776,-26479.272412960214,0.27556347166069045
717,w160032121,128.1140758719295,mfh,17251.90075647625,19168.778618306944,21564.87594559531,r1,-87301.89979422452,-103484.60341678126,-16182.703622556743,0.27556347166069045
718,w160032123,387.4767547928728,mfh,54442.01474559972,60491.1274951108,68052.51843199965,r2,-253603.97503271233,-311662.1858631691,-58058.21083045675,0.25366279400032116
719,w160032125,297.0948597435839,mfh,31398.011390583837,34886.67932287093,39247.51423822979,r1,-158887.19062620838,-182028.34182510266,-23141.15119889428,0.27556347166069045
720,w160032126,464.2806208854541,mfh,50568.14004669606,56186.82227410674,63210.17505837008,r2,-235558.53665187024,-270848.8763451174,-35290.339693247166,0.25366279400032116
721,w160032127,228.89082276217522,mfh,26202.43345212795,29113.81494680883,32753.041815159933,r1,-132595.37322250073,-164695.70680343074,-32100.33358093002,0.27556347166069045
722,w160032128,268.14993185095955,mfh,30473.596445371426,33859.55160596825,38091.99555671428,r1,-154209.26081114603,-215935.70234799027,-61726.44153684424,0.27556347166069045
723,w160032129,100.24086796883493,mfh,13847.774666178364,15386.416295753737,17309.718332722954,r1,-70075.58490770229,-86334.6656832834,-16259.080775581111,0.27556347166069045
724,w160032130,150.2635816658847,mfh,14029.486662093666,15588.318513437407,17536.858327617083,r1,-70995.12430702621,-82460.06683349941,-11464.942526473198,0.27556347166069045
725,w160032131,100.12314690686762,mfh,14135.939899488163,15706.599888320181,17669.924874360204,r1,-71533.82262177838,-88232.30392931243,-16698.48130753405,0.27556347166069045
726,w160032132,257.78643680289383,mfh,32040.0698986087,35600.07766512078,40050.087373260874,r1,-162136.27768744563,-192478.7302097864,-30342.452522340755,0.27556347166069045
727,w160032133,136.6476590367034,mfh,17304.298376071107,19226.998195634562,21630.372970088883,r1,-87567.05386622492,-103490.09227548745,-15923.038409262532,0.27556347166069045
728,w160032134,132.71697852164507,th,15243.003074861019,16936.67008317891,19053.753843576273,r1,-77136.02957662626,-97741.12559919537,-20605.09602256911,0.27556347166069045
729,w160032135,165.9338162511587,mfh,22655.11538553312,25172.350428370133,28318.8942319164,r1,-114644.44649508786,-137595.95589853293,-22951.509403445074,0.27556347166069045
730,w160032136,153.4784858365543,mfh,20651.507489251788,22946.119432501986,25814.384361564735,r1,-104505.34482407884,-132772.72330085773,-28267.37847677889,0.27556347166069045
731,w160032137,244.7570460377261,mfh,31882.694606522888,35425.21622946987,39853.368258153605,r1,-161339.89228193578,-185167.8195237411,-23827.92724180533,0.27556347166069045
732,w160032138,345.56507694348693,mfh,33660.554635708184,37400.61626189798,42075.693294635224,r1,-170336.61445806045,-191973.50499550079,-21636.89053744034,0.27556347166069045
733,w160032139,170.051029805094,mfh,20953.231302739754,23281.36811415528,26191.53912842469,r1,-106032.19467688532,-124733.3701622593,-18701.175485373984,0.27556347166069045
734,w160032140,210.13578363517297,mfh,25061.983224774885,27846.648027527648,31327.479030968607,r1,-126824.2136920761,-157199.51305613574,-30375.29936405964,0.27556347166069045
735,w160032141,252.5825279586017,mfh,26752.030081941455,29724.477868823837,33440.03760242682,r1,-135376.56415215583,-155608.4668984149,-20231.90274625906,0.27556347166069045
736,w160032142,252.46278136584442,mfh,34459.97295454553,38288.858838383916,43074.96619318191,r1,-174382.00858302988,-148705.3622813108,25676.64630171907,0.27556347166069045
737,w160032143,236.73276664549485,mfh,29576.02728282697,32862.25253647441,36970.03410353371,r1,-149667.18198789362,-171556.43386039013,-21889.251872496505,0.27556347166069045
738,w160032144,216.15235636769793,mfh,24178.437367510116,26864.93040834457,30223.046709387643,r1,-122353.09871272666,-146069.79130725522,-23716.692594528562,0.27556347166069045
739,w160032145,143.2480424195528,mfh,18000.89068230275,20000.989647003054,22501.113352878438,r1,-91092.10496491232,-77679.3694478222,13412.735517090114,0.27556347166069045
740,w160032146,425.3107569515705,mfh,43179.60460429989,47977.3384492221,53974.50575537486,r1,-218507.0252565486,-250700.3210889161,-32193.295832367497,0.27556347166069045
741,w160032147,237.48158785337583,mfh,32014.72814949744,35571.92016610827,40018.4101868718,r1,-162008.0377402798,-193821.83054266265,-31813.792802382843,0.27556347166069045
742,w160032148,183.97369813346305,th,23560.800292201195,26178.66699133466,29451.000365251493,r1,-119227.59440923268,-141570.73692080664,-22343.142511573955,0.27556347166069045
743,w160032149,343.71558685973287,mfh,34361.6584028396,38179.620447599555,42952.0730035495,r1,-173884.49545317236,-199364.43113453302,-25479.935681360657,0.27556347166069045
744,w160032150,136.78365420317277,mfh,19017.245100468906,21130.27233385434,23771.556375586133,r1,-96235.28732044788,-116709.97964926944,-20474.692328821562,0.27556347166069045
745,w160032151,156.68413198292254,mfh,18994.198311231074,21104.66479025675,23742.74788903884,r1,-96118.660838936,-127973.18394548722,-31854.52310655122,0.27556347166069045
746,w160032152,131.687454425171,th,16816.435705141692,18684.928561268545,21020.544631427114,r1,-85098.26282620958,-72568.082601574,12530.18022463558,0.27556347166069045
747,w160032153,131.7784823913127,mfh,14664.81319433541,16294.236882594898,18331.01649291926,r1,-74210.14472925763,-83014.45311005195,-8804.308380794319,0.27556347166069045
748,w160032155,131.65618118494749,mfh,16155.971644692994,17951.079605214436,20194.96455586624,r1,-81756.03590078898,-95300.38132028475,-13544.345419495774,0.27556347166069045
749,w160032156,597.6746075108182,mfh,62825.58869422202,69806.20966024668,78531.98586777752,r2,-292656.67519978597,-346187.81300915475,-53531.13780936878,0.25366279400032116
750,w160032157,145.99030133634804,mfh,18497.65764028637,20552.95293365152,23122.072050357958,r1,-93605.95545589009,-147402.7378361211,-53796.782380231,0.27556347166069045
751,w160032158,192.3817300193943,mfh,24447.84564861781,27164.27294290868,30559.807060772262,r1,-123716.41833141675,-142840.44713576138,-19124.028804344634,0.27556347166069045
752,w160032159,156.72131929650496,mfh,19753.449044420944,21948.276716023272,24691.81130552618,r1,-99960.79002593303,-114760.96354667592,-14800.173520742886,0.27556347166069045
753,w160032160,462.61881872685626,other,21516.45961733097,23907.177352589966,26895.57452166371,nr1,-101750.33486758065,-140710.85753027245,-38960.5226626918,0.27555247673131333
754,w160032161,876.0951372385025,trade,41598.98809684389,46221.0978853821,51998.73512105486,nr1,-196719.67620532814,-167761.90816838582,28957.768036942318,0.27555247673131333
755,w160032162,197.75498196221892,mfh,21819.024375477275,24243.36041719697,27273.78046934659,r1,-110413.47307313918,-128765.24065948998,-18351.767586350805,0.27556347166069045
756,w160032163,355.37988740094,mfh,43004.925360010486,47783.25040001165,53756.1567000131,r1,-217623.07454895135,-245887.17562493504,-28264.101075983694,0.27556347166069045
757,w160032164,218.83437259588393,mfh,24626.450963512878,27362.723292792085,30783.063704391097,r1,-124620.23661345919,-147445.65435549078,-22825.417742031597,0.27556347166069045
758,w160032165,192.38173281145282,mfh,24614.11645560697,27349.018284007743,30767.645569508713,r1,-124557.818797103,-142833.78624588464,-18275.967448781637,0.27556347166069045
759,w160032166,5513.669180350005,other,296885.1769801247,329872.41886680527,371106.47122515587,nr2,-1292426.9389168704,-1623596.9564083605,-331170.0174914901,0.25366279400032116
760,w160032167,119.51807446111924,mfh,13433.338114289052,14925.931238098947,16791.672642861315,r1,-67978.3610229357,-80958.62617499671,-12980.265152061009,0.27556347166069045
761,w160032168,107.41719602905214,th,13873.999853026246,15415.555392251383,17342.499816282805,r1,-70208.29542271141,-59870.568591464245,10337.726831247164,0.27556347166069045
763,w160032170,37.81535124108195,sfh,4769.791538029326,5299.76837558814,5962.239422536657,r0,-29618.08531434869,-41444.87292623067,-11826.787611881984,0.3381368364046027
764,w160032171,82.13437312801835,th,9646.465808249995,10718.295342499994,12058.082260312494,r1,-48815.188728935565,-61245.55174157527,-12430.363012639704,0.27556347166069045
765,w160032172,100.39566505721304,th,14312.979822175337,15903.310913528152,17891.22477771917,r1,-72429.71935850235,-93165.79755224008,-20736.078193737732,0.27556347166069045
766,w160032173,119.7984774223063,mfh,12295.751901574888,13661.94655730543,15369.689876968609,r1,-62221.69461547438,-72547.78154708537,-10326.08693161099,0.27556347166069045
767,w160032174,119.65868240431882,mfh,13051.979082176204,14502.19898019578,16314.973852720253,r1,-66048.52335014245,-76337.29277726499,-10288.769427122534,0.27556347166069045
768,w160032175,69.26172256879508,th,7386.415528105403,8207.128364561559,9233.019410131752,r1,-37378.38035215281,-53029.60223400289,-15651.221881850077,0.27556347166069045
769,w160032176,103.52918697646818,th,13372.589931875937,14858.433257639928,16715.73741484492,r1,-67670.94957833181,-84396.19784303919,-16725.248264707378,0.27556347166069045
770,w160032177,62.96843930834439,th,7111.322358229594,7901.469286921771,8889.152947786992,r1,-35986.29279672458,-30687.53910441553,5298.753692309048,0.27556347166069045
771,w160032178,300.84989367914386,mfh,31793.30178992664,35325.89087769627,39741.6272374083,r1,-160887.52689756622,-192781.47403661965,-31893.94713905343,0.27556347166069045
772,w160127708,318.335366258584,mfh,40928.439383668316,45476.04375963146,51160.54922958539,r1,-207115.17903125397,-248338.80999995707,-41223.6309687031,0.27556347166069045
773,w160127710,130.057766958978,mfh,19160.41845180246,21289.353835336067,23950.523064753073,r1,-96959.80491116221,-82683.08774052476,14276.71717063745,0.27556347166069045
774,w160127712,149.28690248169005,mfh,19893.976263748034,22104.41807083115,24867.470329685042,r1,-100671.9170717717,-123842.36924242912,-23170.452170657416,0.27556347166069045
775,w160127717,149.4986190713942,mfh,20018.073736971855,22242.30415219095,25022.59217121482,r1,-101299.90266738994,-124384.47009169443,-23084.567424304492,0.27556347166069045
776,w160127718,161.62649620659647,mfh,19998.168014560528,22220.18668284503,24997.710018200658,r1,-101199.1713098534,-124065.85568377939,-22866.684373925993,0.27556347166069045
777,w160127719,242.7560603125021,mfh,26016.569220877962,28907.299134308847,32520.71152609745,r1,-131654.82175973943,-153833.74353115074,-22178.92177141132,0.27556347166069045
778,w164087844,70.24407002975931,other,5531.1032271675895,6145.670252408432,6913.879033959486,nr1,-26156.329412955267,-47066.50499757954,-20910.175584624274,0.27555247673131333
779,w164087850,88.49543042890728,other,9571.515035104732,10635.016705671924,11964.393793880914,nr1,-45263.24857029608,-78683.37548808372,-33420.126917787646,0.27555247673131333
780,w164087857,77.59434223277493,other,5732.685063821826,6369.65007091314,7165.856329777282,nr1,-27109.60052481929,-45893.318392159745,-18783.717867340456,0.27555247673131333
786,w164088149,49.229225591477004,other,5037.637509600219,5597.37501066691,6297.046887000274,nr1,-23822.75302998435,-43642.18252156138,-19819.42949157703,0.27555247673131333
788,w164088153,80.69597001839429,other,6314.859681225849,7016.51075691761,7893.574601532311,nr1,-29862.677161300486,-56372.39801158,-26509.720850279515,0.27555247673131333
791,w164088159,54.065223559696456,other,5119.410322922457,5688.233692136064,6399.262903653072,nr1,-24209.452853588235,-41551.573873272915,-17342.12101968468,0.27555247673131333
793,w164088169,56.479432658094446,other,4565.7132450906565,5073.014716767396,5707.14155636332,nr0,-26474.253522618324,-45038.65739982455,-18564.403877206227,0.33787369109484405
795,w164088175,32.08830586867407,other,2825.594723491785,3139.54969276865,3531.993404364731,nr0,-16384.189511316723,-28354.29596783451,-11970.106456517788,0.33787369109484405
799,w164088182,35.81288355943252,other,2845.4381235960636,3161.597915106737,3556.7976544950793,nr0,-16499.251315882808,-28719.25694982858,-12220.005633945773,0.33787369109484405
800,w359788107,586.4023264580406,other,46109.15580262688,51232.39533625209,57636.4447532836,nr1,-218048.04911304975,-294084.9041213012,-76036.85500825144,0.27555247673131333
801,w377595955,68.13203878551721,other,5269.498540512313,5854.998378347015,6586.873175640391,nr1,-24919.213040489307,-21251.024861201862,3668.1881792874447,0.27555247673131333
802,w377595956,85.03076633159071,other,6722.920315991011,7469.911462212234,8403.650394988763,nr1,-31792.37688755978,-53454.029351220124,-21661.652463660343,0.27555247673131333
805,w377595969,38.68702136902139,other,3090.1691164444,3433.521240493778,3862.7113955555,nr0,-17918.322116370695,-29554.99521483021,-11636.673098459516,0.33787369109484405
814,w377595984,35.49371746703982,other,2841.029831970761,3156.699813300845,3551.287289963451,nr0,-16473.689870425103,-25602.617184570434,-9128.92731414533,0.33787369109484405
818,w377595990,36.364706988167015,other,2791.57936980043,3101.754855333811,3489.474212250537,nr0,-16186.951741674753,-24595.28478501786,-8408.333043343106,0.33787369109484405
819,w377595993,54.98309161569923,other,4220.0307815631595,4688.923090625733,5275.038476953949,nr0,-24469.81638728341,-36797.28320456172,-12327.46681727831,0.33787369109484405
823,w377596001,68.93592455182224,other,4836.798385703419,5374.220428559354,6045.997982129273,nr0,-28046.13864845575,-42520.2693918548,-14474.130743399051,0.33787369109484405
825,w377596004,35.535723760165276,other,2630.7606042728767,2923.067338080974,3288.450755341096,nr0,-15254.445353029132,-25686.563277068475,-10432.117924039343,0.33787369109484405
827,w377596008,41.66994294051546,other,3243.63691899437,3604.041021104855,4054.546148742962,nr0,-18808.204002105806,-30351.62623659575,-11543.422234489943,0.33787369109484405
831,w377596012,33.714099188242116,other,2925.7385905314077,3250.8206561460083,3657.1732381642596,nr0,-16964.872962602913,-27514.47450532489,-10549.601542721979,0.33787369109484405
836,w377596021,41.97082374822348,other,3488.321395519886,3875.9126616887625,4360.401744399857,nr0,-20227.005078049646,-30688.09827947302,-10461.093201423373,0.33787369109484405
838,w377596023,32.13139781658538,other,2490.0711216668888,2766.7456907409874,3112.5889020836107,nr0,-14438.658458291075,-24330.25816906328,-9891.599710772205,0.33787369109484405
844,w377596038,30.39147779517807,other,2398.685899783123,2665.2065553145812,2998.357374728904,nr0,-13908.76194431859,-11861.347522772687,2047.4144215459037,0.33787369109484405
847,w377596043,50.74534401865676,other,3919.317771017566,4354.797523352851,4899.1472137719575,nr0,-22726.134283004485,-34445.947359704136,-11719.813076699651,0.33787369109484405
848,w377596044,31.44567816138733,other,2904.869813374752,3227.633125971947,3631.08726671844,nr0,-16843.865516998136,-25987.462011073574,-9143.596494075438,0.33787369109484405
861,w377596072,32.00744857888203,other,2718.9974702297686,3021.108300255298,3398.7468377872106,nr0,-15766.08614910757,-26172.08218752006,-10405.99603841249,0.33787369109484405
863,w377596074,30.798605113010854,other,2855.316162411527,3172.5735137905854,3569.1452030144083,nr0,-16556.529048817094,-26950.170301393297,-10393.641252576203,0.33787369109484405
877,w377596096,31.32093481458723,other,2660.043472138398,2955.603857931553,3325.0543401729974,nr0,-15424.241839607594,-24020.908864332137,-8596.667024724544,0.33787369109484405
882,w377596101,34.10184732507914,other,2734.2308274665847,3038.0342527406497,3417.788534333231,nr0,-15854.416655172912,-25427.61320930683,-9573.196554133918,0.33787369109484405
886,w377596106,35.077698366669935,other,2779.2898943774467,3088.099882641607,3474.112367971808,nr0,-16115.691311914323,-25391.012768315333,-9275.32145640101,0.33787369109484405
893,w377596115,40.14825235735625,other,3192.6172371227067,3547.352485691896,3990.771546403383,nr0,-18512.366764853527,-30211.616506200167,-11699.24974134664,0.33787369109484405
895,w377596117,32.339281557500364,other,2797.665055321845,3108.5167281353833,3497.081319152306,nr0,-16222.239542879986,-26107.980221359616,-9885.74067847963,0.33787369109484405
899,w377596123,32.752713098051025,other,2913.410473739367,3237.1227485992963,3641.7630921742084,nr0,-16893.388471157934,-27929.79869524272,-11036.410224084786,0.33787369109484405
901,w377596125,37.63718191203661,other,2922.0877489035165,3246.7641654483514,3652.6096861293954,nr0,-16943.703585193667,-27278.809297392218,-10335.10571219855,0.33787369109484405
909,w377596135,73.15242530554532,other,5088.204744337678,5653.560827041864,6360.255930422097,nr1,-24061.88312663462,-39423.54260512118,-15361.659478486563,0.27555247673131333
916,w377596142,40.572792674647644,other,3113.8461841117532,3459.8290934575034,3892.3077301396916,nr0,-18055.61341314053,-29487.714357837576,-11432.100944697046,0.33787369109484405
917,w377596143,37.61386710904771,other,2745.329396719578,3050.3659963550867,3431.6617458994724,nr0,-15918.771624565265,-26287.52542839811,-10368.753803832844,0.33787369109484405
918,w377596145,32.806498026452026,other,2693.449218590027,2992.721353988919,3366.811523237534,nr0,-15617.944806306978,-24013.59582101546,-8395.651014708483,0.33787369109484405
919,w377596147,34.850180151499806,other,2595.9189583634725,2884.354398181636,3244.8986979543406,nr0,-15052.416334245987,-12836.652314038785,2215.7640202072016,0.33787369109484405
929,w377596159,36.51154847629368,other,2488.2164818409556,2764.684979823284,3110.2706023011942,nr0,-14427.904343367694,-24018.723336604708,-9590.818993237013,0.33787369109484405
931,w377596161,32.13265920560807,other,2649.7963962137605,2944.2182180152895,3312.2454952672006,nr0,-15364.824247802839,-25245.156335917112,-9880.332088114274,0.33787369109484405
934,w377596166,38.724472055921794,other,2981.905002903568,3313.227781003964,3727.38125362946,nr0,-17290.553477513782,-14745.328482787863,2545.224994725919,0.33787369109484405
935,w377596167,41.94859704792034,other,3114.8432704850466,3460.9369672056073,3893.554088106308,nr0,-18061.39501089175,-30553.75023017534,-12492.355219283592,0.33787369109484405
936,w377596168,31.29673577034846,other,2563.979256552608,2848.865840614009,3204.97407069076,nr0,-14867.214216244629,-24099.37140330582,-9232.157187061192,0.33787369109484405
937,w377596169,36.7579496475868,other,3082.2442820121273,3424.7158689023636,3852.805352515159,nr0,-17872.370024195312,-27487.912026619542,-9615.54200242423,0.33787369109484405
940,w379327852,945.496160332486,other,38030.77627777757,42256.41808641952,47538.47034722196,nr1,-179845.76879093103,-301195.9189725568,-121350.1501816258,0.27555247673131333
941,w379327862,94.51021252730861,other,9084.066665311519,10093.407405901688,11355.083331639398,nr1,-42958.12794454194,-71918.50394746641,-28960.376002924466,0.27555247673131333
942,w387435839,3594.435384737421,other,196483.33588232234,218314.8176470248,245604.1698529029,nr2,-855348.7207600311,-1123528.4083335132,-268179.68757348205,0.25366279400032116
943,w387435840,942.2609318409114,other,56823.35165188755,63137.05739098616,71029.18956485944,nr2,-247368.46474272586,-367034.4593423602,-119665.99459963434,0.25366279400032116
944,w390787314,132.5826213063672,other,9844.203167691367,10938.003519657073,12305.253959614207,nr1,-46552.77804208505,-69224.71477473398,-22671.93673264893,0.27555247673131333
945,w390787315,330.5195846647024,other,28537.57339615315,31708.414884614613,35671.966745191436,nr1,-134952.85474511248,-183854.5526745482,-48901.69792943573,0.27555247673131333
946,w390787316,150.59577141329646,other,12304.720854223664,13671.912060248515,15380.90106777958,nr1,-58188.45152205702,-49622.92460523835,8565.526916818664,0.27555247673131333
947,w390789514,104.66224040389062,trade,10397.319493968453,11552.577215520503,12996.649367460564,nr1,-49168.439373937596,-114669.71053709231,-65501.27116315471,0.27555247673131333
948,w390789515,335.6007874913513,trade,25636.797863414322,28485.330959349245,32045.997329267902,nr1,-121235.22242635862,-149973.1081482112,-28737.88572185258,0.27555247673131333
949,w390790006,38.98714106846601,trade,2776.3285059702725,3084.8094510780807,3470.4106324628406,nr0,-16098.519723761086,-37146.51743541333,-21047.997711652242,0.33787369109484405
950,w390793102,268.1788772383239,sfh,30059.790808766775,33399.76756529642,37574.738510958465,r1,-152115.22962402692,-174660.0055946641,-22544.775970637187,0.27556347166069045
951,w390793103,629.0808588726446,th,87553.79058492262,97281.98953880291,109442.23823115327,r2,-407846.57631195907,-473251.92424428335,-65405.34793232428,0.25366279400032116
952,w390793104,761.76513240356,mfh,80676.55852455663,89640.6205828407,100845.69815569579,r2,-375810.7783004208,-416872.4166865312,-41061.638386110426,0.25366279400032116
953,w390793105,324.12222724705936,th,47118.253767594215,52353.615297326905,58897.817209492765,r1,-238438.25251273645,-291482.53348232864,-53044.28096959219,0.27556347166069045
954,w390793106,1475.9963392082602,mfh,145242.0290743921,161380.03230488012,181552.53634299012,r2,-676572.2408915758,-683926.5852695266,-7354.344377950765,0.25366279400032116
955,w390793107,895.6360460046678,mfh,90245.7910168643,100273.10112984922,112807.23877108037,r2,-420386.56061489804,-358487.3021156164,61899.258499281656,0.25366279400032116
956,w390793108,286.70933025064875,mfh,25575.074405456515,28416.749339396127,31968.843006820643,r1,-129420.67164030261,-141998.1533755777,-12577.481735275098,0.27556347166069045
957,w390793793,117.72837251536548,mfh,12242.925925452717,13603.251028280796,15303.657406815895,r1,-61954.37287863801,-76079.04530279616,-14124.672424158154,0.27556347166069045
958,w390794364,96.81251710766227,sfh,13040.642047928714,14489.602275476347,16300.802559910891,r1,-65991.15317152797,-98533.8598304285,-32542.706658900526,0.27556347166069045
959,w475684695,267.0884538785554,mfh,32327.72471892473,35919.69413213859,40409.65589865591,r1,-163591.9324963297,-193140.2326996693,-29548.300203339575,0.27556347166069045
960,w620369477,3702.806372543797,other,329831.05954184383,366478.95504649315,412288.8244273048,nr2,-1435849.8830405101,-1224488.1695047508,211361.71353575937,0.25366279400032116
961,w620369478,20480.360502976928,other,1687025.1117225294,1874472.3463583658,2108781.3896531616,nr2,-7344107.655349213,-6263031.425333666,1081076.230015547,0.25366279400032116
962,w993163452,1412.2592688187956,other,69902.24125333331,77669.15694814813,87377.80156666663,nr2,-304304.6493780398,-429504.95856247604,-125200.30918443622,0.25366279400032116
963,w993163453,1066.3710880815981,other,51293.74656664398,56993.051740715535,64117.183208304974,nr2,-223296.49642677675,-312157.24735716474,-88860.75093038799,0.25366279400032116
964,w993163454,1257.084109787643,other,59883.17288306017,66536.85875895574,74853.96610382521,nr2,-260688.7504762976,-357106.16729474475,-96417.41681844715,0.25366279400032116
965,w993163455,1355.0658122852444,mfh,137933.86271477625,153259.84746086248,172417.3283934703,r2,-642529.0474561467,-547920.7147263592,94608.33272978745,0.25366279400032116
966,w993163456,1286.649396429956,mfh,130250.32129646631,144722.5792182959,162812.90162058288,r2,-606737.2668779053,-666920.1993292567,-60182.93245135131,0.25366279400032116
967,w993163457,923.1744978809729,ab,96260.7750734298,106956.41674825533,120325.96884178725,r2,-448405.8004176772,-494611.4591800566,-46205.658762379375,0.25366279400032116
968,w993163458,923.3917086940259,ab,96786.7143031862,107540.7936702069,120983.39287898275,r2,-450855.7516164919,-494619.7286036279,-43763.976987136004,0.25366279400032116
969,w993163460,1313.604391914094,ab,125644.15428679457,139604.6158742162,157055.1928584932,r2,-585280.6351059942,-648686.9671653177,-63406.332059323555,0.25366279400032116
970,w993163461,1099.8535498690792,ab,118342.74284405124,131491.93649339027,147928.42855506405,r2,-551268.9076950666,-613095.6759390568,-61826.76824399014,0.25366279400032116
971,w993164648,226.1375619597733,ab,25333.36690212359,28148.18544680399,31666.708627654487,r1,-128197.52964955347,-172985.31173333648,-44787.78208378301,0.27556347166069045
972,w993164649,158.37299746889622,other,12554.80104281894,13949.778936465487,15693.501303523673,nr1,-59371.069080236586,-91241.60223449946,-31870.53315426287,0.27555247673131333
973,w993164650,163.5844805765897,other,11822.83966197053,13136.48851330059,14778.549577463164,nr1,-55909.657819460546,-84375.02184123821,-28465.364021777663,0.27555247673131333
974,w993164651,162.24389737509188,other,11008.365752407117,12231.517502674575,13760.457190508896,nr1,-52058.04865545882,-79040.87973537053,-26982.83107991171,0.27555247673131333
975,w993164652,173.63842588849366,other,12537.52789010725,13930.586544563612,15671.909862634062,nr1,-59289.38514598852,-89992.48051362121,-30703.09536763269,0.27555247673131333
976,w1006795433,259.34726619906723,mfh,31206.31317629144,34673.68130699049,39007.8914703643,r1,-157917.1167467488,-179600.4952412767,-21683.37849452789,0.27556347166069045
977,w1006849999,188.95288848243652,other,12692.659037467965,14102.954486075516,15865.823796834957,nr1,-60022.99311277644,-91153.19841631502,-31130.205303538576,0.27555247673131333
978,w1007159125,240.08975319266318,education,18188.745430473453,20209.717144970502,22735.931788091813,nr1,-86013.7295487567,-124833.20745288375,-38819.47790412705,0.27555247673131333
979,w1007160095,265.99824453517795,sfh,29700.45869061807,33000.5096562423,37125.57336327258,r1,-150296.85743337494,-178349.3302607572,-28052.47282738227,0.27556347166069045
980,w1007176059,713.9090096209663,trade,44584.74507920726,49538.60564356363,55730.93134900908,nr1,-210839.18183923766,-300481.3027059589,-89642.12086672123,0.27555247673131333
981,w1029411791,412.32884333096445,trade,24243.8769969841,26937.64110776011,30304.846246230125,nr1,-114648.16455884796,-171301.7978806113,-56653.63332176334,0.27555247673131333
982,w1030080397,647.4037659055554,other,30520.396752890152,33911.551947655724,38150.49594111269,nr1,-144329.5339999441,-223359.40035405493,-79029.86635411083,0.27555247673131333
983,w1030080398,123.65970464986749,other,6312.042173885407,7013.380193206007,7890.052717356758,nr1,-29849.353300382816,-46645.052776319615,-16795.6994759368,0.27555247673131333
984,w1030080399,86.80603968682699,other,6773.282403048039,7525.869336720043,8466.603003810047,nr1,-32030.536850389137,-52030.362300707864,-19999.825450318727,0.27555247673131333
985,w1036126248,1409.4026292502879,trade,62527.62490135226,69475.13877928029,78159.53112669032,nr2,-272200.81403527607,-402210.12686772906,-130009.312832453,0.25366279400032116
986,w1036126249,536.9865712554193,mfh,58786.42745363585,65318.25272626206,73483.0343170448,r2,-273841.2924260706,-314246.23800271726,-40404.945576646656,0.25366279400032116
987,w1036126250,784.2879224468953,mfh,83022.8157791949,92247.57308799434,103778.51972399362,r2,-386740.20787803753,-422154.76788023475,-35414.56000219722,0.25366279400032116
988,w1036126251,422.468481163308,mfh,52845.09736255475,58716.77484728305,66056.37170319344,r2,-246165.1504772384,-291901.1308589619,-45735.98038172349,0.25366279400032116
989,w1036680208,878.3984476357698,mfh,87023.10356131091,96692.33729034546,108778.87945163864,r2,-405374.508749524,-455633.57976561645,-50259.071016092435,0.25366279400032116
990,w1075387093,82.43980132825672,other,6640.5639729472905,7378.404414385878,8300.704966184112,nr1,-31402.917579095374,-50485.30896001608,-19082.391380920708,0.27555247673131333
991,w1075387094,82.56877346616238,other,5523.9930738652965,6137.770082072551,6904.99134233162,nr1,-26122.705829320465,-36414.82338560915,-10292.117556288682,0.27555247673131333
992,w1075387095,130.11354850369972,other,4922.185612555075,5469.095125061194,6152.732015693843,nr0,-28541.255833858213,-38180.371222562004,-9639.11538870379,0.33787369109484405
993,w1075387096,86.78853361294604,other,5651.038189360073,6278.931321511192,7063.797736700091,nr1,-26723.496260217922,-37784.701667144196,-11061.205406926274,0.27555247673131333
994,w1075387097,130.27800867820625,other,5001.394598025604,5557.105108917338,6251.743247532005,nr1,-23651.36199006053,-34313.348655284324,-10661.986665223794,0.27555247673131333
995,w1075387098,130.18280181584413,other,4914.504272727153,5460.56030303017,6143.1303409089405,nr0,-28496.715643294025,-38068.00322850392,-9571.287585209895,0.33787369109484405
996,w1075387099,86.85200681062415,other,7574.079042728552,8415.643380809503,9467.598803410689,nr1,-35817.466842472706,-55834.3143423853,-20016.847499912597,0.27555247673131333
997,w1107949539,145.45949292609,other,7234.128086910359,8037.920096567066,9042.660108637949,nr1,-34209.85461405601,-29174.054161348045,5035.800452707961,0.27555247673131333
998,w1107949540,113.13991883732378,other,8157.082843669978,9063.42538185553,10196.353554587471,nr1,-38574.46464926248,-58102.52042492844,-19528.055775665962,0.27555247673131333
999,w1108636740,113.13954655230044,other,8437.78627390423,9375.318082115811,10547.232842380286,nr1,-39901.898090115734,-59685.574364482745,-19783.67627436701,0.27555247673131333
1000,w1108636741,169.70950587596744,other,6388.827258846157,7098.696954273508,7986.034073557696,nr1,-30212.466388992387,-43063.265797451655,-12850.799408459268,0.27555247673131333
1001,w1108636742,113.35190696045755,other,7307.257952288273,8119.1755025425255,9134.072440360342,nr1,-34555.68233959084,-48195.18036836183,-13639.498028770984,0.27555247673131333
1002,w1108636743,97.02220907397567,other,8465.714383767012,9406.34931529668,10582.142979708764,nr1,-40033.968820212416,-59567.257717831584,-19533.288897619168,0.27555247673131333
1003,w1108636744,97.02139693088829,other,6248.685707876577,6942.984119862863,7810.857134845721,nr1,-29549.743525025893,-42084.97702443285,-12535.233499406953,0.27555247673131333
1004,w1108636745,97.02220705058426,other,6051.606396825816,6724.00710758424,7564.507996032269,nr1,-28617.764646923897,-40197.91752026188,-11580.152873337982,0.27555247673131333
1005,w1108636746,96.97299731615931,other,6049.968200571248,6722.186889523609,7562.46025071406,nr1,-28610.017693175672,-40180.35281315911,-11570.335119983436,0.27555247673131333
1006,w1108636747,96.97299630921333,other,6204.737122419419,6894.152358243799,7755.921403024274,nr1,-29341.912712394416,-41593.46881395622,-12251.556101561804,0.27555247673131333
1007,w1108636748,93.15071205198764,other,7049.813241953456,7833.125824392729,8812.266552441819,nr1,-33338.238301290265,-49743.25748578828,-16405.019184498015,0.27555247673131333
1008,w1108636749,139.88183319568634,other,5418.6318681190805,6020.702075687867,6773.28983514885,nr1,-25624.457597158034,-37473.39593464151,-11848.938337483472,0.27555247673131333
1009,w1108636750,139.7263257611543,other,5255.293421448891,5839.2149127209905,6569.116776811114,nr1,-24852.037694394126,-36130.96534804959,-11278.927653655464,0.27555247673131333
1010,w1108636751,139.8837134392932,other,5137.657930030147,5708.508811144608,6422.072412537684,nr1,-24295.744937265605,-34569.07137883733,-10273.326441571728,0.27555247673131333
1011,w1108636752,93.1510556358844,other,5632.758798770266,6258.620887522518,7040.9484984628325,nr1,-26637.053873934725,-37667.76253700068,-11030.708663065954,0.27555247673131333
1012,w1108636753,93.25489941500128,other,5561.032789158997,6178.925321287774,6951.290986448746,nr1,-26297.864916900937,-37489.90498504988,-11192.040068148941,0.27555247673131333
1013,w1108636754,139.72684112749994,other,6793.787494520834,7548.652771689815,8492.234368151043,nr1,-32127.504472430763,-51336.52305729166,-19209.0185848609,0.27555247673131333
1014,w1159236388,245.9913005110109,other,17161.798074090097,19068.664526766774,21452.24759261262,nr1,-81157.3433559642,-138022.6551601646,-56865.311804200406,0.27555247673131333
1015,w1159236389,122.96537718712352,other,11214.556910810714,12460.618789789682,14018.19613851339,nr1,-53033.11703508208,-92489.67281741762,-39456.55578233554,0.27555247673131333
1016,w1159236390,245.9301320978673,other,9422.640053648083,10469.600059608982,11778.300067060103,nr1,-44559.225720532384,-92085.99252196524,-47526.76680143285,0.27555247673131333
1017,w1219742100,99.15745026543736,other,6796.05397685548,7551.171085394977,8495.06747106935,nr1,-32138.222561773673,-51252.10611014857,-19113.883548374895,0.27555247673131333
1018,w1219742101,534.7382739499211,other,26665.5596979286,29628.399664365108,33331.94962241074,nr1,-126100.1892016779,-191252.27667647426,-65152.08747479635,0.27555247673131333
1019,w1219742102,331.85329187787136,other,16686.177045042114,18540.19671671346,20857.72130630264,nr1,-78908.15367344253,-118653.26051752862,-39745.10684408608,0.27555247673131333
1020,w1219742103,321.63751182574777,other,17114.566871985295,19016.185413316995,21393.208589981616,nr1,-80933.98920217532,-123039.13860541908,-42105.14940324376,0.27555247673131333
1021,w1219742104,906.7466930493712,other,37559.58202112246,41732.868912358295,46949.477526403076,nr1,-177617.51310876856,-275003.75406713865,-97386.2409583701,0.27555247673131333
1022,w1219742105,1260.638449399173,ab,128554.44727096538,142838.2747455171,160693.0590887067,r2,-598837.4785245267,-675459.2447228672,-76621.76619834045,0.25366279400032116
1023,w1219929093,501.3837405549362,other,33138.81990165809,36820.91100184232,41423.52487707261,nr1,-156711.935052465,-236324.31910384368,-79612.38405137867,0.27555247673131333
1024,w1242595698,177.05818741209805,other,9156.077890481276,10173.419878312528,11445.097363101595,nr1,-43298.66567266083,-67974.81359619997,-24676.147923539138,0.27555247673131333
1025,w1242595699,175.70056665593293,other,9159.768067274865,10177.52007474985,11449.71008409358,nr1,-43316.116346756186,-67766.18809098787,-24450.07174423168,0.27555247673131333
