,full_id,NFA,building_usage,yearly_demand_useful_renovated,yearly_demand_delivered_renovated,yearly_demand_delivered_renovated_DH,consumer_size_renovated,npv_Gas_25years_ir_0.05,npv_DH_25years_ir_0.05,savings_npv_25years_ir_0.05,operator_selling_price
0,w24853838,27974.42320393324,trade,1197460.8634512746,1330512.0705014162,1496826.079314093,nr2,-923544.0457804439,-5860177.450350094,-4936633.40456965,0.11294824484434664
1,w24853840,937.1926232803613,trade,88132.8528706944,97925.39207854934,110166.066088368,nr2,-67972.63609249116,-538862.5258676946,-470889.8897752035,0.11294824484434664
2,w24853841,8998.296452549099,trade,370264.7062278559,411405.2291420621,462830.8827848198,nr2,-285567.3828151762,-2302658.7645570645,-2017091.3817418884,0.11294824484434664
3,w25538793,404.8852469230536,trade,30691.75479818213,34101.94977575792,38364.69349772766,nr1,-25713.757950746225,-254433.61683894697,-228719.85888820075,0.12269504769893493
4,w27689586,5481.69515059907,office,247077.21277456047,274530.2364161783,308846.5159682006,nr2,-190558.78623732424,-1673172.821555963,-1482614.0353186387,0.11294824484434664
5,w28994179,8336.082743907347,other,755590.8194729006,839545.3549698895,944488.5243411257,nr2,-582750.9054110798,-4094126.232409854,-3511375.326998774,0.11294824484434664
6,w28994181,1422.5013561584055,trade,126963.50101552144,141070.5566839127,158704.37626940178,nr2,-97920.84983585386,-854746.5492914675,-756825.6994556136,0.11294824484434664
7,w29249266,23411.247439788887,trade,2692049.9258480393,2991166.584275599,3365062.407310049,nr2,-2076248.7993093464,-4761597.111516198,-2685348.312206852,0.11294824484434664
8,w30213059,1747.46707642246,ab,196743.8254561325,218604.25050681387,245929.7818201656,r2,-162368.49913631068,-898685.4890369535,-736316.9899006429,0.11294824484434664
9,w50930444,8762.936898044496,other,331711.8078293086,368568.67536589847,414639.75978663575,nr2,-255833.38410983517,-2147132.4760381957,-1891299.0919283605,0.11294824484434664
10,w50930445,4934.112452852726,other,203585.9606969704,226206.62299663379,254482.450871213,nr2,-157016.07254559695,-1524567.494456178,-1367551.4219105812,0.11294824484434664
11,w50930458,1974.6456010334193,other,59309.24989752737,65899.1665528082,74136.56237190921,nr2,-45742.37561693358,-764377.187527345,-718634.8119104115,0.11294824484434664
12,w50930471,7086.712400933168,other,741559.2688132944,823954.7431258826,926949.086016618,nr2,-571929.0443713822,-1311642.2687766918,-739713.2244053095,0.11294824484434664
13,w50930472,6477.305229391343,other,397621.5839708261,441801.75996758457,497026.97996353265,nr2,-306666.4285725842,-2125469.877465124,-1818803.4488925396,0.11294824484434664
14,w50930478,6019.835157379508,trade,260294.65487875984,289216.28319862206,325368.3185984498,nr2,-200752.7644526948,-1657529.105273433,-1456776.340820738,0.11294824484434664
15,w50930479,4489.048651921749,other,185266.7973649304,205851.99707214488,231583.496706163,nr2,-142887.38180056246,-1199034.2068319619,-1056146.8250313995,0.11294824484434664
16,w50930480,4441.97852948606,other,168030.88689118178,186700.98543464643,210038.6086139772,nr2,-129594.15195273537,-1161010.6105573718,-1031416.4586046364,0.11294824484434664
17,w50930481,1370.623297881335,other,60575.174758398076,67305.74973155341,75718.96844799758,nr2,-46718.72265536031,-479759.5795956056,-433040.8569402453,0.11294824484434664
18,w50930482,786.6849797132425,other,73977.36742213568,82197.07491348409,92471.7092776696,nr2,-57055.19010309236,-515215.73839222867,-458160.5482891363,0.11294824484434664
19,w50930483,1057.3881191070657,other,39987.428585553724,44430.4762061708,49984.28573194215,nr1,-33501.73577506167,-320738.780084481,-287237.04430941935,0.12269504769893493
20,w50930486,509.32494937628496,trade,28626.54367727404,31807.27075252671,35783.17959659255,nr1,-23983.510226905903,-225687.71050963836,-201704.20028273246,0.12269504769893493
21,w98916060,5426.03009034004,other,197850.31759317868,219833.68621464298,247312.89699147333,nr2,-152592.44652247883,-1352190.2278762187,-1199597.78135374,0.11294824484434664
22,w98916062,151.14776481509907,trade,11160.058322507997,12400.064802786663,13950.072903134997,nr1,-9349.971688102323,-107919.70091402512,-98569.7292259228,0.12269504769893493
23,w98916065,222.67857759937178,other,21014.510922443198,23349.456580492442,26268.138653053997,nr1,-17606.098148061013,-168842.68785378212,-151236.5897057211,0.12269504769893493
24,w98916067,36008.87229184061,trade,3131751.8703745524,3479724.300416169,3914689.83796819,nr2,-2415369.7887128284,-5539325.447414708,-3123955.65870188,0.11294824484434664
25,w98916074,4745.314506876469,trade,489677.5280019927,544086.1422244363,612096.9100024909,nr2,-377664.756437469,-866123.2767346149,-488458.5202971459,0.11294824484434664
26,w98916075,67.06430839556852,sfh,7064.458776221087,7849.398640245652,8830.573470276358,r1,-6333.50963813543,-85591.52732503413,-79258.0176868987,0.12269994340301416
27,w98916076,98.82164086105185,sfh,14858.44356181803,16509.381735353367,18573.054452272536,r1,-13321.062304620731,-107656.53491317308,-94335.47260855234,0.12269994340301416
28,w98916079,3334.9361924076916,trade,133808.09024913074,148675.65583236748,167260.11281141342,nr2,-103199.75274237046,-1110935.8853650359,-1007736.1326226654,0.11294824484434664
29,w98916080,1488.1518905248724,other,125829.55976690605,139810.62196322894,157286.94970863254,nr2,-97046.29541792888,-854885.4503605643,-757839.1549426354,0.11294824484434664
30,w98916086,294.4025758753764,other,20669.987609601096,22966.65289955677,25837.484512001367,nr1,-17317.454206616007,-202942.80221811112,-185625.3480114951,0.12269504769893493
31,w98916091,1488.9465953722595,trade,60449.85709124032,67166.5078791559,75562.3213640504,nr2,-46622.071158123836,-465975.785414553,-419353.7142564292,0.11294824484434664
32,w98916094,150.05011938810347,trade,14682.116941339953,16313.463268155503,18352.64617667494,nr1,-12300.776013515115,-153036.42859542687,-140735.65258191177,0.12269504769893493
33,w98916098,17023.336804370396,trade,1160795.6547794726,1289772.9497549694,1450994.5684743407,nr2,-895265.931489055,-2053171.8909772153,-1157905.9594881602,0.11294824484434664
34,w98916102,2270.5699141463265,trade,68796.91015774355,76441.01128638172,85996.13769717944,nr2,-53059.75225040126,-668040.6726127178,-614980.9203623165,0.11294824484434664
35,w98916109,81.43322088830173,sfh,9324.87444096882,10360.971601076468,11656.093051211024,r1,-8360.043425417316,-99370.26179081145,-91010.21836539413,0.12269994340301416
36,w98916113,559.2398283889517,trade,50226.93887767507,55807.70986408341,62783.67359709384,nr2,-38737.625382228296,-374796.70579390944,-336059.08041168115,0.11294824484434664
37,w98916116,6987.1012714248145,other,355080.08347405493,394533.42608228326,443850.10434256867,nr2,-273856.2126552792,-2082391.8448632706,-1808535.6322079916,0.11294824484434664
38,w98916121,458.57296650111675,other,22053.988367563295,24504.431519514772,27567.485459454118,nr1,-18476.979321028724,-179931.7148800432,-161454.7355590145,0.12269504769893493
39,w98916126,988.0943454869091,trade,57488.92051228189,63876.57834697988,71861.15064035235,nr2,-44338.44299882923,-449110.6350669428,-404772.19206811354,0.11294824484434664
40,w99055014,379.03616306802724,mfh,48807.400657503735,54230.44517500415,61009.250821879665,r1,-43757.37084306305,-273985.55387910677,-230228.18303604372,0.12269994340301416
41,w99055018,363.825429549627,mfh,46056.25658478869,51173.618427542984,57570.320730985855,r1,-41290.88359295829,-94690.59066394024,-53399.707070981945,0.12269994340301416
42,w99055022,32.828185592684896,sfh,3919.133173535123,4354.592415039026,4898.916466918904,r0,-4311.480233395848,-9887.330432565008,-5575.85019916916,0.15056193928492131
43,w99055023,57.57688737055287,sfh,8184.319552772025,9093.688391968917,10230.399440965031,r1,-7337.500070570112,-16826.77034786139,-9489.270277291278,0.12269994340301416
44,w99055025,2922.078992408514,trade,137387.10028526373,152652.33365029303,171733.87535657967,nr2,-105960.07127097143,-909498.1654124319,-803538.0941414605,0.11294824484434664
45,w99055028,168.94065034445376,ab,18833.084865762074,20925.64985084675,23541.35608220259,r1,-16884.453330610486,-116824.70953784752,-99940.25620723703,0.12269994340301416
46,w99055030,502.22660109587014,other,33315.47081755106,37017.18979727895,41644.33852193882,nr1,-27911.924823157966,-274388.6825785203,-246476.75775536237,0.12269504769893493
47,w99055036,2513.4158389533286,other,94085.56679762283,104539.51866402537,117606.95849702854,nr2,-72563.67841482988,-750009.4468859652,-677445.7684711353,0.11294824484434664
48,w99055038,506.9609570838511,other,21755.280472005936,24172.533857784372,27194.10059000742,nr1,-18226.719843366227,-206562.6591949469,-188335.9393515807,0.12269504769893493
49,w99055039,1650.1993483711033,other,107174.31748151207,119082.57497945786,133967.89685189008,nr2,-82658.40311921056,-705299.8497660405,-622641.4466468298,0.11294824484434664
50,w99055040,101.95110847079195,trade,7542.266192054316,8380.29576894924,9427.832740067894,nr1,-6318.961184782701,-89878.88581883485,-83559.92463405215,0.12269504769893493
51,w99055041,189.90211718752977,ab,21241.772311136046,23601.969234595606,26552.215388920056,r1,-19043.917435897863,-154222.3740576393,-135178.45662174144,0.12269994340301416
52,w99055043,190.2007592998445,sfh,23546.65079265731,26162.945325174787,29433.313490821638,r1,-21110.313537830334,-192060.3114808623,-170949.99794303195,0.12269994340301416
53,w99055048,47.74609960326925,sfh,7080.477038514114,7867.196709460126,8850.596298142642,r1,-6347.870514436463,-65663.17588524704,-59315.30537081057,0.12269994340301416
54,w99055050,194.95880112051967,trade,16990.555980078705,18878.395533420782,21238.19497509838,nr1,-14234.80171769861,-158422.97582685683,-144188.17410915822,0.12269504769893493
55,w99055053,122.33706042193808,ab,14355.428798899931,15950.476443222145,17944.285998624913,r1,-12870.093737886402,-129685.89664782747,-116815.80290994106,0.12269994340301416
56,w99055057,303.91877080444243,ab,36436.94841929119,40485.498243656875,45546.185524113986,r1,-32666.871066557418,-216612.25454256468,-183945.38347600726,0.12269994340301416
57,w99055067,194.8848727118224,sfh,24127.518827242104,26808.354252491226,30159.398534052627,r1,-21631.080012950955,-140031.82609283045,-118400.7460798795,0.12269994340301416
58,w99055068,348.37368724122643,ab,37201.55064833091,41335.05627592323,46501.93831041363,r1,-33352.36102981732,-272667.1201796515,-239314.75914983416,0.12269994340301416
59,w99055094,263.70872883694244,other,17116.72427361986,19018.58252624429,21395.905342024824,nr1,-14340.506359955434,-180380.8815433015,-166040.37518334607,0.12269504769893493
60,w99055100,85.6876405166462,sfh,10816.888282136835,12018.764757929817,13521.110352671043,r1,-9697.680793346568,-105846.08767241777,-96148.4068790712,0.12269994340301416
61,w99055110,94.65369866762775,sfh,12575.929239195662,13973.254710217403,15719.911548994578,r1,-11274.71637502584,-119469.354063881,-108194.63768885515,0.12269994340301416
62,w99055113,801.3236896117684,education,39361.44064596625,43734.93405107361,49201.80080745781,nr1,-32977.27888217681,-324346.6620178492,-291369.3831356724,0.12269504769893493
63,w99055118,54.3237798044458,other,6316.331294739136,7018.145883043484,7895.41411842392,nr1,-5291.864708213608,-64874.117845670145,-59582.25313745654,0.12269504769893493
64,w99055131,500.74276516167447,th,72717.48895532465,80797.20995036072,90896.8611941558,r2,-60012.1986815281,-137623.3697543042,-77611.17107277611,0.11294824484434664
65,w99055135,442.04770180433985,ab,49547.735609308365,55053.03956589818,61934.66951163545,r1,-44421.104428498635,-318704.1515175098,-274283.0470890111,0.12269994340301416
66,w99055142,64.54166975589469,sfh,8987.459487346792,9986.066097051991,11234.324359183489,r1,-8057.540299769626,-76892.14032685153,-68834.6000270819,0.12269994340301416
67,w99055146,149.08371188635937,sfh,16730.63197130703,18589.59107923003,20913.289964133786,r1,-14999.538138582186,-105864.3614057126,-90864.82326713041,0.12269994340301416
68,w99055147,57.659734526090325,sfh,6565.596376694655,7295.107085216283,8206.995470868318,r1,-5886.26379587232,-72503.87190776954,-66617.60811189722,0.12269994340301416
69,w99055152,1635.3717537612654,other,76925.715271378,85473.01696819777,96157.1440892225,nr2,-59329.10917983731,-559063.9768982729,-499734.8677184356,0.11294824484434664
70,w99055158,567.1104306213557,trade,39154.5266249732,43505.029583303556,48943.1582812165,nr1,-32803.92492808012,-325354.25020925706,-292550.32528117695,0.12269504769893493
71,w99055160,362.3993257842958,ab,41269.503041766904,45855.00337974101,51586.87880220863,r1,-36999.40838438974,-273523.8160068101,-236524.40762242037,0.12269994340301416
72,w99055171,150.93386064656082,sfh,17759.12126680796,19732.356963119957,22198.90158350995,r1,-15921.611162449237,-117105.89966551604,-101184.28850306681,0.12269994340301416
73,w99055172,71.28885925472714,sfh,11439.176734024375,12710.196371138194,14298.970917530469,r1,-10255.581976236386,-90642.54593578904,-80386.96395955265,0.12269994340301416
74,w99055173,413.9677898917347,ab,46211.902597681576,51346.558441868416,57764.878247101966,r1,-41430.42514228585,-256997.74961399563,-215567.32447170978,0.12269994340301416
75,w99055181,184.62117180265486,other,14692.047996187046,16324.497773541161,18365.059995233805,nr1,-12309.096317851338,-133496.5244407256,-121187.42812287426,0.12269504769893493
76,w99055182,84.81555104400032,sfh,9982.882905923538,11092.092117692819,12478.603632404422,r1,-8949.968724265853,-104957.97020298023,-96008.00147871437,0.12269994340301416
77,w99055185,136.9722994968528,education,13333.863653213906,14815.404059126562,16667.329566517383,nr1,-11171.200369009302,-127482.56514746709,-116311.36477845779,0.12269504769893493
78,w99055186,41.49024544628337,sfh,4431.040207086261,4923.378007873624,5538.800258857826,r0,-4874.634624625993,-61203.7423148191,-56329.10769019311,0.15056193928492131
79,w99055192,160.51305735595523,ab,17955.083750134756,19950.093055705285,22443.854687668445,r1,-16097.297696432677,-144140.5724535151,-128043.27475708243,0.12269994340301416
80,w99055193,133.23216011486946,other,9060.528174768626,10067.253527520696,11325.660218460782,nr1,-7590.97125348194,-91331.26164184876,-83740.29038836682,0.12269504769893493
81,w99055199,594.2030242990702,ab,71129.32627403316,79032.58474892573,88911.65784254143,r2,-58701.521762708646,-340092.371684683,-281390.84992197435,0.11294824484434664
82,w99055201,119.5810925271362,sfh,16075.0872905188,17861.208100576445,20093.8591131485,r1,-14411.82169978352,-132309.92869922865,-117898.10699944512,0.12269994340301416
83,w99055202,635.4450178422034,ab,70045.35286769998,77828.16985299998,87556.69108462498,r2,-57806.941540524065,-353248.4486690725,-295441.5071285484,0.11294824484434664
84,w99055209,191.61494707558305,other,19251.06324174622,21390.07026860691,24063.829052182773,nr1,-16128.669857680803,-170060.98813135197,-153932.31827367118,0.12269504769893493
85,w99055216,463.1840371862054,education,31074.524335790593,34527.24926198955,38843.155419738236,nr1,-26034.44483573222,-241339.75525688543,-215305.3104211532,0.12269504769893493
86,w99055219,773.0541430711745,other,89305.2685379427,99228.07615326966,111631.58567242837,nr2,-68876.8639814479,-586661.0592746426,-517784.19529319473,0.11294824484434664
87,w99055224,318.955577952601,ab,40182.61908553804,44647.35453948671,50228.27385692255,r1,-36024.98270927913,-234319.5691317203,-198294.58642244115,0.12269994340301416
88,w99055226,262.56915004737675,ab,28379.172684942634,31532.414094380703,35473.96585617829,r1,-25442.82151201682,-174383.82013416797,-148940.99862215115,0.12269994340301416
89,w99055235,1694.7837025728077,trade,149377.07564806478,165974.52849784977,186721.34456008096,nr2,-115207.3633481874,-894802.8690802988,-779595.5057321114,0.11294824484434664
90,w99055245,424.4345906373113,ab,47296.60459892638,52551.782887695976,59120.755748657975,r1,-42402.89462607886,-272089.7097518994,-229686.81512582055,0.12269994340301416
91,w99055249,70.42309986636974,sfh,10021.272199599194,11134.74688844355,12526.590249498991,r1,-8984.385934302436,-103252.58424024117,-94268.19830593873,0.12269994340301416
92,w99055257,137.79457132667304,trade,8298.616675376757,9220.685194863063,10373.270844220946,nr1,-6952.636690858201,-95076.28036426633,-88123.64367340814,0.12269504769893493
93,w99055287,226.3710821658373,mfh,28577.8426772832,31753.158530314664,35722.303346604,r1,-25620.935413046667,-174553.572736452,-148932.63732340536,0.12269994340301416
94,w99055292,58.725108856521544,trade,5742.424201111104,6380.471334567893,7178.030251388879,nr1,-4811.041497263102,-72367.30244716353,-67556.26094990043,0.12269504769893493
95,w99055300,847.1402418442303,other,76307.76385628161,84786.40428475734,95384.70482035201,nr2,-58852.51293572373,-536209.5282349375,-477357.0152992137,0.11294824484434664
96,w99389931,488.4274571448564,mfh,52250.6568943475,58056.28543816389,65313.32111793437,r2,-43121.35701922272,-263707.22686122754,-220585.86984200482,0.11294824484434664
97,w99389943,2856.129719105386,ab,319815.1874619798,355350.20829108864,399768.9843274747,r2,-263936.679429758,-1662876.5765175086,-1398939.8970877505,0.11294824484434664
98,w99389949,2886.5421926505865,ab,289243.5705553101,321381.7450614557,361554.4631941376,r2,-238706.57352021828,-1281107.1654064516,-1042400.5918862333,0.11294824484434664
99,w99389956,671.7147096479312,education,20099.000379366596,22332.22264374066,25123.750474208246,nr1,-16839.07727679359,-236126.34434402545,-219287.26706723185,0.12269504769893493
100,w99389960,693.6997662768932,ab,74641.1779172529,82934.642130281,93301.47239656613,r2,-61599.778311177135,-378911.76560908067,-317311.9872979035,0.11294824484434664
101,w99389971,1612.9015118613836,education,79061.22327120301,87845.80363467001,98826.52908900376,nr2,-60976.12392424456,-636198.734686446,-575222.6107622015,0.11294824484434664
102,w99389974,117.56442073537036,education,11942.269300285661,13269.188111428512,14927.836625357077,nr1,-10005.3132898208,-117724.31068900142,-107718.99739918062,0.12269504769893493
103,w99389975,1082.0712234761565,mfh,112561.00475829814,125067.78306477571,140701.25594787265,r2,-92894.20575973822,-495130.89401918376,-402236.68825944554,0.11294824484434664
104,w99389979,163.53384786918758,ab,20983.23475048412,23314.705278315687,26229.04343810515,r1,-18812.130375617937,-157689.15225779658,-138877.02188217864,0.12269994340301416
105,w99389992,2055.490491580963,other,58546.07010034079,65051.189000378654,73182.58762542598,nr2,-45153.77169753685,-103554.0966769365,-58400.32497939965,0.11294824484434664
106,w99390006,431.6004564465955,education,13942.219123874043,15491.35458208227,17427.773904842554,nr1,-11680.88466120538,-201542.5188632175,-189861.63420201212,0.12269504769893493
107,w99390011,2874.346682216227,ab,261747.66805334273,290830.7422814919,327184.5850666784,r2,-216014.78936235557,-1096214.38648921,-880199.5971268544,0.11294824484434664
108,w99390014,587.280543653667,trade,45943.6919763767,51048.54664041856,57429.61497047087,nr1,-38491.93317920569,-363787.7044067716,-325295.7712275659,0.12269504769893493
109,w99390021,1293.7586996998637,other,62282.396391594884,69202.66265732764,77852.9954894936,nr2,-48035.42069726725,-518949.75048349035,-470914.3297862231,0.11294824484434664
110,w99390022,5590.431437242403,education,574754.7680048286,638616.408894254,718443.4600060357,nr2,-443280.74509666755,-1016604.7133393466,-573323.968242679,0.11294824484434664
111,w99390025,475.7887667253613,education,25792.4872334772,28658.319148308,32240.6090418465,nr1,-21609.118736626537,-49557.604749950304,-27948.486013323767,0.12269504769893493
112,w99390027,116.0190749399364,mfh,12351.711677921847,13724.12408657983,15439.639597402307,r1,-11073.698274368657,-66862.54575900211,-55788.84748463346,0.12269994340301416
113,w99390046,1095.085822885856,mfh,106966.72504118257,118851.91671242507,133708.4063014782,r2,-88277.36556507966,-202442.6498114347,-114165.28424635505,0.11294824484434664
114,w99390052,1678.6958267321402,education,80485.35729470738,89428.17477189709,100606.69661838423,nr2,-62074.49009047571,-727472.174943793,-665397.6848533172,0.11294824484434664
115,w99390065,2581.633286331594,education,303237.21702470875,336930.2411385653,379046.5212808859,nr2,-233872.2999556282,-536354.6354862696,-302482.3355306414,0.11294824484434664
116,w99390082,124.21957990797236,education,9153.39104610198,10170.434495668867,11441.738807627475,nr1,-7668.772389708229,-90588.20135364021,-82919.42896393198,0.12269504769893493
117,w99390107,332.09000708311794,education,21365.955326471172,23739.950362745745,26707.444158088965,nr1,-17900.540626105798,-187766.60592180703,-169866.06529570124,0.12269504769893493
118,w99390110,1066.5973296171287,mfh,114572.26191078915,127302.51323421017,143215.32738848642,r2,-94554.0535565879,-216836.7058744668,-122282.6523178789,0.11294824484434664
119,w99390116,694.0162199864862,ab,77651.71068885752,86279.67854317502,97064.63836107189,r2,-64084.30704590537,-393106.08486192196,-329021.7778160166,0.11294824484434664
120,w99390122,307.42072394330467,other,24004.22139400785,26671.357104453167,30005.276742509814,nr1,-20110.89762642705,-251125.80745231968,-231014.90982589262,0.12269504769893493
121,w99390129,1196.3697846690193,trade,60077.02083521279,66752.24537245865,75096.27604401598,nr2,-46334.52046246864,-383088.0875427418,-336753.5670802732,0.11294824484434664
122,w99390130,964.417538562417,education,45345.299912323506,50383.66656924834,56681.62489040438,nr1,-37990.596295867144,-373650.9649028394,-335660.3686069723,0.12269504769893493
123,w99390133,9252.387912133521,education,972176.5982886618,1080196.2203207354,1215220.7478608273,nr2,-749793.1132453368,-1719549.5662424206,-969756.4529970838,0.11294824484434664
124,w99390139,1249.1388426542283,ab,103666.18130819763,115184.64589799737,129582.72663524703,r2,-85553.49694548726,-548457.4190472064,-462903.92210171913,0.11294824484434664
125,w99390141,112.67489476799965,other,6918.212680932749,7686.902978814165,8647.765851165936,nr1,-5796.124969036454,-82569.01125994252,-76772.88629090607,0.12269504769893493
126,w99758761,171.36210507287177,trade,18691.711542674442,20768.56838074938,23364.639428343053,nr1,-15660.041253879946,-177160.45739004255,-161500.4161361626,0.12269504769893493
127,w99758765,309.03573338240386,trade,17623.89495193092,19582.105502145467,22029.86868991365,nr1,-14765.417354701776,-159062.8617334504,-144297.44437874862,0.12269504769893493
128,w99758770,601.7205038767308,mfh,72751.67028344191,80835.18920382434,90939.58785430239,r2,-60040.407805407944,-364727.38902994996,-304686.981224542,0.11294824484434664
129,w99758771,781.3335011973977,mfh,90673.01780016729,100747.79755574143,113341.2722502091,r2,-74830.51515462056,-476692.44030187005,-401861.9251472495,0.11294824484434664
130,w99758774,197.5460334163159,ab,23515.789018468888,26128.65446496543,29394.73627308611,r1,-21082.644985933588,-203261.791612094,-182179.14662616042,0.12269994340301416
131,w99758775,265.071225726977,sfh,29568.765927217442,32854.18436357493,36960.9574090218,r1,-26509.32929471755,-191405.40781698175,-164896.0785222642,0.12269994340301416
132,w99758777,337.6781565959565,ab,38974.76729399801,43305.296993331125,48718.459117497514,r1,-34942.10556249649,-264787.48134102975,-229845.37577853326,0.12269994340301416
133,w99758783,333.3155570875853,th,44492.23379100979,49435.81532334421,55615.29223876224,r1,-39888.68793261913,-247581.7521490255,-207693.06421640638,0.12269994340301416
134,w99758786,182.17889552428386,mfh,25317.194272184293,28130.21585798255,31646.492840230367,r1,-22697.661492930223,-136112.91526518168,-113415.25377225145,0.12269994340301416
135,w99758788,349.08404515869915,other,29690.304493510877,32989.227215012084,37112.88061688859,nr1,-24874.736171009383,-241873.01721460174,-216998.28104359237,0.12269504769893493
136,w99758792,60.93018751584459,sfh,7249.826791388207,8055.363101542453,9062.283489235258,r1,-6499.69789796572,-79375.87871975012,-72876.18082178441,0.12269994340301416
137,w99758793,126.39461716674268,ab,14163.252098095256,15736.946775661396,17704.065122619068,r1,-12697.80127708694,-112462.15149784958,-99764.35022076264,0.12269994340301416
138,w99758796,604.0452805191278,ab,68515.97097804418,76128.8566422713,85644.96372255521,r2,-56544.77516018683,-387062.2129169788,-330517.437756792,0.11294824484434664
139,w99758800,420.9761067721993,ab,42189.116177775664,46876.79575308407,52736.39522221958,r1,-37823.87050452727,-241544.38751062407,-203720.5170060968,0.12269994340301416
140,w99758801,293.7319820257835,mfh,31479.29783707775,34976.997596753055,39349.12229634718,r1,-28222.181283576952,-179508.30241689272,-151286.12113331578,0.12269994340301416
141,w99758803,512.6721141899004,mfh,56260.4467066917,62511.60745187967,70325.55838336462,r2,-46430.55135949219,-106477.16760976528,-60046.616250273095,0.11294824484434664
142,w99758805,165.76912949401884,sfh,24347.28986440631,27052.544293784787,30434.112330507887,r1,-21828.11166479493,-155939.2060179516,-134111.09435315666,0.12269994340301416
143,w99758807,110.8734177275095,other,10769.414329739497,11966.015921932774,13461.76791217437,nr1,-9022.687531786922,-107098.45055154439,-98075.76301975746,0.12269504769893493
144,w99758813,43.0509613757953,other,4394.75148269934,4883.057202999266,5493.439353374175,nr0,-4514.6928620924555,-49979.57795910385,-45464.8850970114,0.15044476876729218
145,w99758814,84.92593946289271,th,10538.924478861274,11709.916087623638,13173.655598576592,r1,-9448.477495137182,-70402.79249405711,-60954.31499891993,0.12269994340301416
146,w99758818,424.19755738042295,mfh,41220.62158195423,45800.6906466158,51525.77697744278,r1,-36955.584617183136,-235213.86037385,-198258.27575666687,0.12269994340301416
147,w99758821,35.03456762442365,sfh,4559.21607031642,5065.795633684911,5699.020087895525,r0,-5015.642259795684,-67198.76338685762,-62183.12112706194,0.15056193928492131
148,w99758824,478.7830200769007,ab,61290.07195197856,68100.07994664284,76612.5899399732,r2,-50581.39421518023,-336589.0743059991,-286007.68009081885,0.11294824484434664
149,w99758826,588.1092009779065,ab,59609.7544885002,66233.060542778,74512.19311062525,r2,-49194.66391253931,-298932.7963978521,-249738.13248531276,0.11294824484434664
152,w99758837,194.723237061128,mfh,26918.830601657704,29909.81177961967,33648.538252072125,r1,-24133.57887185984,-55344.48864642162,-31210.909774561776,0.12269994340301416
153,w99758838,318.7432954022661,ab,34539.517905665256,38377.24211740584,43174.397382081566,r1,-30965.76489177266,-285705.59951064875,-254739.8346188761,0.12269994340301416
154,w99758842,66.20839738831855,sfh,7245.102284252092,8050.113649168991,9056.377855315115,r1,-6495.462228620073,-63989.30897715225,-57493.846748532174,0.12269994340301416
155,w99758845,141.8255072105676,th,19940.941357931246,22156.601508812495,24926.176697414056,r1,-17877.681544276653,-169360.55828113138,-151482.87673685473,0.12269994340301416
156,w99758846,563.5821329504251,other,39112.189582354884,43457.98842483876,48890.236977943605,nr1,-32768.45466991482,-311310.3373707662,-278541.8827008514,0.12269504769893493
157,w99758847,385.25146163031457,sfh,48187.472786156504,53541.63642906278,60234.34098269563,r1,-43201.58599492401,-321578.77545623697,-278377.18946131296,0.12269994340301416
158,w99758850,177.17881421931088,ab,22325.664403698604,24806.293781887336,27907.080504623253,r1,-20015.660811066355,-140277.08294107966,-120261.4221300133,0.12269994340301416
159,w99758852,422.9061155930161,other,27633.278796905393,30703.64310767266,34541.59849613174,nr1,-23151.34625053108,-236563.39638878603,-213412.05013825494,0.12269504769893493
160,w99758858,57.38898355839774,sfh,5852.357015184531,6502.61890576059,7315.446268980663,r1,-5246.822259936524,-75336.85868058394,-70090.03642064742,0.12269994340301416
161,w99758862,402.33381934519855,sfh,59651.077247039386,66278.97471893264,74563.84655879923,r2,-49228.76670721978,-366060.7553530618,-316831.988645842,0.11294824484434664
162,w99758864,101.365438436158,other,10438.02352274087,11597.803914156522,13047.529403426088,nr1,-8745.04609178787,-98387.9053297546,-89642.85923796674,0.12269504769893493
163,w99758865,63.831228005420414,other,3808.1534792822495,4231.281643646944,4760.191849102812,nr0,-3912.0854497347077,-50458.57830900015,-46546.49285926544,0.15044476876729218
164,w99758868,445.0926624152809,ab,49404.951940311905,54894.391044791,61756.18992538988,r1,-44293.09437530088,-272088.5845903738,-227795.4902150729,0.12269994340301416
165,w99758869,105.27734354436397,other,8712.874935022433,9680.972150024925,10891.093668778041,nr1,-7299.7050382912785,-94211.68275949494,-86911.97772120367,0.12269504769893493
166,w99758874,488.6312512325123,ab,63157.80812636683,70175.3423626298,78947.26015795853,r2,-52122.797198043525,-363216.99327468866,-311094.19607664517,0.11294824484434664
167,w99758876,118.68904608124866,sfh,14239.88142510123,15822.0904723347,17799.851781376536,r1,-12766.501880562722,-118510.67498651503,-105744.17310595232,0.12269994340301416
168,w99758878,556.4759241774678,other,50537.35912378862,56152.621248654024,63171.69890473577,nr2,-38977.03760749434,-378051.0430190489,-339074.0054115546,0.11294824484434664
169,w99758879,282.5218615865335,other,15903.060540163588,17670.06726684843,19878.825675204484,nr1,-13323.690746742535,-152133.8312578337,-138810.14051109116,0.12269504769893493
170,w99758882,536.390386541374,other,53854.66773594052,59838.51970660058,67318.33466992565,nr2,-41535.51839820599,-361324.4938495328,-319788.9754513268,0.11294824484434664
171,w99758886,70.57262436598539,sfh,10272.924078720433,11414.360087467147,12841.15509840054,r1,-9209.99976437164,-97953.3453485991,-88743.34558422747,0.12269994340301416
172,w99758887,169.7069027148187,sfh,19873.472022935082,22081.63558103898,24841.840028668852,r1,-17817.19316193728,-117646.93316020416,-99829.73999826689,0.12269994340301416
173,w99758888,71.82869699064176,other,5606.1732199220505,6229.081355468945,7007.716524902563,nr1,-4696.889511692877,-60783.32327263589,-56086.433760943015,0.12269504769893493
174,w99758891,2730.1526487648484,trade,278142.89322359936,309047.65913733264,347678.6165294992,nr2,-214518.25337526237,-491968.73514336493,-277450.48176810256,0.11294824484434664
175,w99758895,154.4283221337944,other,11696.011670972952,12995.56852330328,14620.014588716189,nr1,-9798.996996884478,-102501.30585784542,-92702.30886096094,0.12269504769893493
176,w99758899,158.4874060918577,th,21114.728053391125,23460.80894821236,26393.410066738907,r1,-18930.018260265955,-153570.4862009014,-134640.46794063543,0.12269994340301416
177,w99758900,82.77785695786588,sfh,9576.867651797027,10640.964057552252,11971.084564746283,r1,-8585.963270104818,-101419.00135251325,-92833.03808240843,0.12269994340301416
178,w99758903,400.34018093422054,trade,27766.704985938384,30851.894428820426,34708.38123242298,nr1,-23263.131606293406,-243842.05607498577,-220578.92446869236,0.12269504769893493
179,w99758905,110.54209396946244,sfh,14089.355834086462,15654.839815651623,17611.694792608076,r1,-12631.550950607967,-94497.26780147477,-81865.7168508668,0.12269994340301416
180,w99758908,248.9345047255978,ab,27863.571167277976,30959.52351919775,34829.46395909747,r1,-24980.568523499394,-175363.11147739668,-150382.5429538973,0.12269994340301416
181,w99758913,208.22132023065353,ab,22473.857239827325,24970.952488697025,28092.321549784156,r1,-20148.520352845142,-170455.78756329455,-150307.2672104494,0.12269994340301416
182,w99758915,71.10941483918579,ab,9892.71968333912,10991.91075926569,12365.899604173901,r1,-8869.134557441086,-77336.57655329844,-68467.44199585736,0.12269994340301416
183,w99758919,819.0798590054737,ab,92757.06197205705,103063.40219117451,115946.32746507131,r2,-76550.43253214947,-464898.88662501815,-388348.45409286866,0.11294824484434664
184,w99758922,83.9358181065414,th,11309.16008309742,12565.7334256638,14136.450103871775,r1,-10139.017956564321,-79563.42762855114,-69424.40967198682,0.12269994340301416
185,w99758926,36.12754547015065,sfh,4835.136353176289,5372.373725751432,6043.920441470361,r0,-5319.185107886823,-12198.256270847509,-6879.071162960686,0.15056193928492131
186,w99758928,119.38002583179623,sfh,17649.272252530372,19610.302502811526,22061.590315662965,r1,-15823.128063785174,-119715.56307908772,-103892.43501530254,0.12269994340301416
187,w99758931,65.79372537583113,th,8958.033864272593,9953.37096030288,11197.54233034074,r1,-8031.159302547887,-77774.95218971833,-69743.79288717045,0.12269994340301416
188,w99758935,355.7203856162727,ab,44721.354695019305,49690.394105577005,55901.693368774126,r1,-40094.10203436563,-261542.028120748,-221447.92608638236,0.12269994340301416
189,w99758936,99.44306262517348,th,12297.175950750854,13663.528834167615,15371.469938438568,r1,-11024.805278514137,-123017.83748501007,-111993.03220649593,0.12269994340301416
190,w99758945,525.0721962768584,mfh,60858.438199015145,67620.4868877946,76073.04774876892,r2,-50225.17604933558,-331405.144185284,-281179.9681359484,0.11294824484434664
191,w99758951,355.6037514369003,ab,38707.438535921436,43008.26503991271,48384.29816990179,r1,-34702.43691703311,-214625.0351886623,-179922.5982716292,0.12269994340301416
192,w99758953,525.4067761451006,other,30107.259847456837,33452.510941618704,37634.07480932104,nr1,-25224.064162130606,-269619.0031932537,-244394.9390311231,0.12269504769893493
193,w99758954,37.75478148937691,sfh,3569.4180038930444,3966.020004325605,4461.772504866305,r0,-3926.7548427374727,-45940.509381662,-42013.75453892453,0.15056193928492131
194,w99758959,30.14875982720405,sfh,3557.971497061545,3953.3016634017167,4447.464371326931,r0,-3914.16241840275,-42101.70600004687,-38187.54358164412,0.15056193928492131
195,w99758962,201.50926117040217,mfh,21248.623996018403,23609.582217798226,26560.779995023004,r1,-19050.060187043353,-121850.45879771936,-102800.398610676,0.12269994340301416
196,w99758966,155.61690238779408,th,22413.347651516866,24903.719612796518,28016.68456439608,r1,-20094.271602459077,-165011.63580873105,-144917.36420627197,0.12269994340301416
197,w99758967,90.83302856497467,ab,10287.595234009375,11430.661371121529,12859.494042511718,r1,-9223.152916844962,-97752.2139279469,-88529.06101110193,0.12269994340301416
198,w99758970,391.2386861808598,th,49030.390295548124,54478.211439497914,61287.98786943515,r1,-43957.28807189765,-100805.34029121154,-56848.05221931389,0.12269994340301416
199,w99758974,163.93810575278476,sfh,20068.97998408304,22298.866648981155,25086.224980103798,r1,-17992.472202481862,-123339.55770033092,-105347.08549784905,0.12269994340301416
200,w99758975,139.83927450878545,sfh,18704.802757778965,20783.114175309962,23381.003447223706,r1,-16769.444383280203,-127811.63236028473,-111042.18797700452,0.12269994340301416
201,w99758979,705.2831632008775,trade,42329.79156056023,47033.10173395581,52912.23945070029,nr1,-35464.18318050212,-321873.15468418377,-286408.9715036816,0.12269504769893493
202,w99758981,319.7999828794971,other,28210.616409539234,31345.12934393248,35263.27051192404,nr1,-23635.04357330545,-240180.46242995266,-216545.41885664721,0.12269504769893493
203,w99758984,336.42351993245535,ab,40375.905038116136,44862.11670901793,50469.881297645166,r1,-36198.26964920582,-239230.6045659714,-203032.33491676557,0.12269994340301416
204,w99758985,1446.6540044941007,ab,157711.5768981315,175235.08544236832,197139.47112266434,r2,-130156.01367922002,-688077.4065480989,-557921.3928688789,0.11294824484434664
205,w99758989,963.3213891830295,education,94750.5566883886,105278.39632043178,118438.19586048575,nr2,-73076.55317580607,-167591.23696409867,-94514.6837882926,0.11294824484434664
206,w99758991,346.04414169639347,ab,42354.02651760305,47060.02946400339,52942.533147003815,r1,-37971.71781453502,-321484.81223334686,-283513.09441881184,0.12269994340301416
207,w99758995,38.315451947040856,sfh,4737.197215219001,5263.552461354446,5921.496519023751,r0,-5211.441216908556,-46556.41624637431,-41344.97502946576,0.15056193928492131
208,w99758997,604.6954287230968,other,50075.53334568993,55639.48149521103,62594.41668211241,nr2,-38620.853567941114,-433217.4696112462,-394596.6160433051,0.11294824484434664
209,w99759000,505.76658869385716,other,35105.24538068888,39005.82820076542,43881.5567258611,nr1,-29411.40995216252,-286757.8492912952,-257346.4393391327,0.12269504769893493
210,w99759001,277.86601877255595,other,21629.371655802126,24032.635173113475,27036.714569752658,nr1,-18121.232592962362,-189523.5141282842,-171402.28153532185,0.12269504769893493
211,w99759005,200.24946516156197,th,22125.37595468027,24583.751060755854,27656.719943350334,r1,-19836.095912685938,-149551.38236268464,-129715.2864499987,0.12269994340301416
212,w99759006,478.86383471041916,sfh,51211.790021048946,56901.9889122766,64014.73752631118,r2,-42264.00226041974,-258931.0229234217,-216667.02066300195,0.11294824484434664
213,w99759010,347.4218390390277,ab,43149.72807317236,47944.142303524844,53937.16009146545,r1,-38685.0893028422,-243997.1246256951,-205312.0353228529,0.12269994340301416
214,w99759011,1184.1155465334652,health,94644.31092409248,105160.34547121386,118305.3886551156,nr2,-72994.61092115712,-167403.3134343284,-94408.70251317127,0.11294824484434664
215,w99759013,563.6367099712603,other,56578.612329733296,62865.12481081477,70723.26541216661,nr2,-43636.36602288955,-408219.76408286905,-364583.3980599795,0.11294824484434664
216,w99759015,262.8249901607633,mfh,28783.15597665522,31981.2844185058,35978.94497081902,r1,-25805.005247920224,-181238.96810656905,-155433.96285864883,0.12269994340301416
217,w99759016,162.4421672269469,other,8274.400246768564,9193.778051965071,10343.000308460705,nr1,-6932.348004604931,-15898.406898890067,-8966.058894285135,0.12269504769893493
218,w99759020,78.66829424034803,other,5229.514221583943,5810.571357315493,6536.892776979928,nr1,-4381.322077477279,-65900.64197414361,-61519.31989666633,0.12269504769893493
219,w99759023,45.55874986834824,th,6367.260871863105,7074.734302070117,7959.076089828882,r1,-5708.449773421895,-46302.57196460353,-40594.12219118163,0.12269994340301416
220,w99759028,314.5253525768406,trade,32786.47847112605,36429.42052347339,40983.09808890756,nr1,-27468.73148855673,-264358.2613172652,-236889.5298287085,0.12269504769893493
221,w99759036,422.98085668310523,mfh,42647.01768651583,47385.57520723981,53308.77210814478,r1,-38234.39361900624,-224193.79860410016,-185959.40498509392,0.12269994340301416
222,w99759038,116.55152825303375,ab,12655.574149090928,14061.749054545475,15819.46768636366,r1,-11346.120543473675,-108938.22643051423,-97592.10588704055,0.12269994340301416
224,w99759044,415.2007402397692,trade,32816.147739639164,36462.386377376846,41020.18467454895,nr1,-27493.58860064232,-273925.6843967237,-246432.09579608138,0.12269504769893493
225,w99759045,941.2816024620085,trade,49896.555354510696,55440.61706056744,62370.69419313837,nr1,-41803.66862040395,-396903.8235135279,-355100.15489312395,0.12269504769893493
226,w99759047,442.628270605579,mfh,44130.46054771927,49033.84505302141,55163.075684649084,r1,-39564.346833636075,-226073.09760194516,-186508.75076830908,0.12269994340301416
227,w99759050,246.0824731603265,trade,22436.473126277346,24929.414584752605,28045.59140784668,nr1,-18797.427616347613,-43109.369682337325,-24311.94206598971,0.12269504769893493
228,w99759051,91.54405212756247,th,11012.631006603822,12236.256674004248,13765.788758254777,r1,-9873.170306595553,-85849.0305173543,-75975.86021075875,0.12269994340301416
229,w99759055,270.5142616614699,other,17576.01450534297,19528.90500593663,21970.01813167871,nr1,-14725.302795523523,-142827.17106558068,-128101.86827005717,0.12269504769893493
230,w99759057,194.30349186724052,th,24925.875440262695,27695.417155847437,31157.34430032837,r1,-22346.831843827917,-158189.03150875095,-135842.19966492304,0.12269994340301416
231,w99759061,356.20750593692065,trade,27357.486381258877,30397.20709028764,34196.85797657359,nr1,-22920.28551558066,-234714.0809925109,-211793.79547693022,0.12269504769893493
232,w99759062,137.67195288166403,th,17542.96227495905,19492.180305510054,21928.70284369881,r1,-15727.817822915154,-134201.46067065696,-118473.64284774181,0.12269994340301416
233,w99759063,182.5971095246263,sfh,23864.519991213383,26516.133323570426,29830.64998901673,r1,-21395.293278882516,-197579.89527118742,-176184.6019923049,0.12269994340301416
234,w99759067,231.4229553733021,other,16336.831167459697,18152.034630510774,20421.038959324622,nr1,-13687.106686618876,-142329.02018516837,-128641.91349854949,0.12269504769893493
235,w99759073,34.86947953915223,sfh,3262.3908718894627,3624.8787465438472,4077.988589861828,r0,-3588.991017897699,-53354.74215789522,-49765.75113999752,0.15056193928492131
236,w99759074,1179.944325777702,mfh,124020.14699394579,137800.16332660642,155025.18374243221,r2,-102351.19238627134,-234717.54583298453,-132366.35344671318,0.11294824484434664
237,w99759077,212.39228247441352,sfh,28143.974150534683,31271.08238948298,35179.96768816835,r1,-25231.95862333211,-162723.50877007772,-137491.5501467456,0.12269994340301416
239,w99759083,341.51128259450195,trade,16279.980430133995,18088.86714459333,20349.975537667495,nr1,-13639.47675771689,-147759.3479662501,-134119.8712085332,0.12269504769893493
240,w99759085,319.12387123871594,other,16114.625010024909,17905.138900027676,20143.281262531134,nr1,-13500.940878081203,-166520.86760124468,-153019.9267231635,0.12269504769893493
241,w99759087,592.8829183824361,other,51104.440071742756,56782.711190825285,63880.55008967844,nr2,-39414.39990378611,-363446.6926210405,-324032.2927172544,0.11294824484434664
242,w99759088,334.1662621571682,ab,38299.76367243406,42555.29296937118,47874.70459054258,r1,-34336.94357084587,-220773.90314656452,-186436.95957571865,0.12269994340301416
243,w99759091,80.87078364617192,sfh,10277.689688487204,11419.655209430226,12847.112110609005,r1,-9214.272283519329,-71855.57515607527,-62641.30287255594,0.12269994340301416
244,w99759093,176.2003906674683,sfh,20213.249994617374,22459.16666068597,25266.562493271715,r1,-18121.814807649116,-174427.12026618526,-156305.30545853614,0.12269994340301416
245,w99759094,339.69808716569094,other,37545.54439088814,41717.27154543127,46931.930488610175,nr1,-31455.908824525017,-290124.08851239324,-258668.17968786822,0.12269504769893493
246,w99759096,246.47077107857913,mfh,24080.699116749907,26756.33235194434,30100.873895937384,r1,-21589.104668901226,-136415.1451357387,-114826.04046683748,0.12269994340301416
247,w99759099,50.23060751573648,th,7124.9116553428785,7916.568505936531,8906.139569178598,r1,-6387.707546949007,-66952.05607526966,-60564.348528320654,0.12269994340301416
248,w99759102,1460.464218017459,other,128242.46935226722,142491.63261363024,160303.08669033402,nr2,-98907.25668069966,-797455.5934221024,-698548.3367414027,0.11294824484434664
249,w99759105,189.26809048298745,mfh,23348.403286397544,25942.670318219494,29185.50410799693,r1,-20932.578408869165,-147436.1664566666,-126503.58804779744,0.12269994340301416
250,w99759110,35.61810292806477,th,4444.6058307576495,4938.450923064055,5555.757288447062,r0,-4889.558312013763,-65398.710333408686,-60509.152021394926,0.15056193928492131
251,w99759111,238.72463138289748,th,33086.498497522094,36762.77610835788,41358.123121902616,r1,-29663.087260352564,-226845.57300048327,-197182.4857401307,0.12269994340301416
252,w99759113,635.4707306571305,th,85123.63838306775,94581.82042563084,106404.54797883469,r2,-70250.73022361498,-496688.88230580935,-426438.15208219434,0.11294824484434664
253,w99759120,160.90588292758912,th,22050.550089547738,24500.611210608597,27563.18761193467,r1,-19769.012169541464,-147866.36258094112,-128097.35041139965,0.12269994340301416
254,w99759121,33.129497365746644,ab,3687.935921929681,4097.706579921868,4609.919902412101,r0,-4057.1376693198285,-50349.11692202257,-46291.979252702746,0.15056193928492131
255,w99759126,310.54387535755524,ab,34291.538021297245,38101.708912552494,42864.42252662155,r1,-30743.443120571294,-199599.09094568135,-168855.64782511006,0.12269994340301416
256,w99759127,85.13879598667843,other,8439.946498572936,9377.718331747707,10549.93312321617,nr1,-7071.04376431441,-77411.26412647536,-70340.22036216095,0.12269504769893493
257,w99759131,277.0331318277866,ab,29792.102411231514,33102.336012479456,37240.12801403939,r1,-26709.557481880536,-169527.83426501148,-142818.27678313095,0.12269994340301416
258,w99759132,153.35469039995223,ab,18222.101118321058,20246.77902035673,22777.62639790132,r1,-16336.687171058808,-120634.24655202625,-104297.55938096745,0.12269994340301416
259,w99759137,162.2998407471925,mfh,19327.709917252138,21475.233241391263,24159.63739656517,r1,-17327.90025699361,-158111.554520747,-140783.65426375341,0.12269994340301416
260,w99759138,418.42527116853745,mfh,47826.26751031692,53140.29723368546,59782.834387896146,r1,-42877.75409663681,-266683.90108655684,-223806.14698992003,0.12269994340301416
261,w99759140,160.4533356629312,ab,21444.005795828773,23826.673106476414,26805.007244785964,r1,-19225.22611997801,-139546.40808048917,-120321.18196051117,0.12269994340301416
262,w99759142,128.98004897348582,sfh,14983.736022008725,16648.595580009693,18729.670027510903,r1,-13433.390938609582,-104038.66667237575,-90605.27573376618,0.12269994340301416
263,w99759148,518.2482564277947,ab,61157.785626565455,67953.09514062828,76447.23203320682,r2,-50472.22112136757,-305289.1587259226,-254816.93760455502,0.11294824484434664
264,w99759152,155.39786574579776,ab,16480.93154215691,18312.146157952124,20601.164427696138,r1,-14775.673844831606,-116729.75557023467,-101954.08172540307,0.12269994340301416
265,w99759159,71.9146042395383,sfh,9525.343053328406,10583.71450369823,11906.678816660507,r1,-8539.769845903591,-96388.48917284247,-87848.71932693888,0.12269994340301416
266,w99759161,242.4930030848831,mfh,34130.073785805886,37922.30420645099,42662.59223225735,r1,-30598.685351562737,-211946.49899605598,-181347.81364449323,0.12269994340301416
267,w99759162,714.1891373082996,mfh,73646.29643994445,81829.21826660493,92057.87054993055,r2,-60778.72376517253,-367750.83713438653,-306972.113369214,0.11294824484434664
268,w99759164,595.7694656141102,mfh,62198.0267609074,69108.91862323045,77747.53345113425,r2,-51330.71002861217,-314021.9855037593,-262691.2754751471,0.11294824484434664
269,w99759165,240.76284124148083,mfh,26458.97859301545,29398.8651033505,33073.72324126931,r1,-23721.307072829026,-150119.299461935,-126397.99238910599,0.12269994340301416
270,w99759170,93.69908212199807,sfh,11706.068871402967,13006.743190447742,14632.58608925371,r1,-10494.859177501916,-112560.77587621287,-102065.91669871095,0.12269994340301416
271,w99759172,204.59550149962305,other,17154.43700320676,19060.48555911862,21443.046254008448,nr1,-14372.102337658116,-155801.2710463312,-141429.1687086731,0.12269504769893493
272,w99759176,41.50382452430203,sfh,4347.286555859447,4830.318395399385,5434.108194824308,r0,-4782.496339002638,-42676.43097544039,-37893.93463643775,0.15056193928492131
273,w99759177,360.73507672324774,ab,44764.3486721465,49738.16519127389,55955.43584018313,r1,-40132.647488043316,-254945.384846071,-214812.7373580277,0.12269994340301416
274,w99759180,347.1465133147314,education,18970.068178191024,21077.85353132336,23712.58522273878,nr1,-15893.250309429985,-36449.0299963855,-20555.779686955517,0.12269504769893493
275,w99759183,128.67689446713774,sfh,15305.546102127524,17006.16233569725,19131.932627659404,r1,-13721.903804017202,-134773.13463443526,-121051.23083041806,0.12269994340301416
276,w99759189,171.2441471248865,ab,20195.315252144712,22439.23916904968,25244.144065180888,r1,-18105.735746548162,-173543.31404714836,-155437.5783006002,0.12269994340301416
277,w99759190,369.99921465907244,other,20743.405158390804,23048.22795376756,25929.256447988504,nr1,-17378.96392123902,-180084.93631816847,-162705.97239692946,0.12269504769893493
278,w99759195,184.4751641433686,sfh,23137.351265854748,25708.168073171943,28921.689082318433,r1,-20743.36362984673,-134434.861601109,-113691.49797126227,0.12269994340301416
279,w155463247,886.8482149265707,mfh,91186.92471370427,101318.80523744918,113983.65589213034,r2,-75254.63161191379,-411910.1297680447,-336655.4981561309,0.11294824484434664
280,w155463249,504.4367525316775,trade,21221.582975781974,23579.53663975775,26526.978719727467,nr1,-17779.58450271652,-206079.0053377165,-188299.42083499997,0.12269504769893493
281,w155463253,721.7602650925515,mfh,71191.54619599476,79101.71799554973,88989.43274499344,r2,-58752.870542381206,-303628.8335726447,-244875.9630302635,0.11294824484434664
282,w155463254,852.2730644002556,mfh,86421.52990223421,96023.92211359357,108026.91237779276,r2,-71321.85251942392,-375201.58573999227,-303879.73322056833,0.11294824484434664
283,w155463255,713.9319995328784,mfh,66344.41186134682,73716.01317927423,82930.51482668352,r2,-54752.633558047746,-299924.64838683506,-245172.0148287873,0.11294824484434664
284,w155463260,725.1058137452229,mfh,85306.4605474638,94784.95616384866,106633.07568432974,r2,-70401.60947165753,-161448.95445396035,-91047.34498230282,0.11294824484434664
285,w155463261,1003.1358517257496,mfh,101136.01837598017,112373.35375108907,126420.02296997521,r2,-83465.40723328394,-452388.26784547075,-368922.86061218684,0.11294824484434664
286,w155463268,907.8277638942003,mfh,91397.12832104242,101552.36480115824,114246.41040130302,r2,-75428.10818307126,-389431.990923373,-314003.8827403018,0.11294824484434664
287,w155463269,646.430608794326,mfh,65066.14287272063,72295.71430302292,81332.67859090079,r2,-53697.705319794084,-323969.4202910853,-270271.71497129125,0.11294824484434664
288,w155463275,531.2511221051216,mfh,55777.65947267801,61975.17719186445,69722.07434084751,r2,-46032.11731254186,-242408.96871350842,-196376.85140096658,0.11294824484434664
289,w155463277,722.3371928531676,mfh,74898.59877904251,83220.66531004723,93623.24847380313,r2,-61812.22227925721,-353750.86569275986,-291938.64341350266,0.11294824484434664
290,w155463281,852.691491766274,mfh,87462.81297810843,97180.90330900936,109328.51622263553,r2,-72181.20131887803,-395830.8478694223,-323649.64655054425,0.11294824484434664
291,w155463286,75.58565192222595,sfh,9501.958976368558,10557.732195965064,11877.448720460698,r1,-8518.805284923686,-102108.20941461783,-93589.40412969414,0.12269994340301416
292,w155463289,870.3151384696364,mfh,92329.3161590005,102588.12906555612,115411.64519875063,r2,-76197.42300050693,-412436.0524534199,-336238.62945291295,0.11294824484434664
293,w155463294,520.8021583877504,mfh,61112.84583810311,67903.16204233679,76391.05729762888,r2,-50435.13326873882,-287858.7920755319,-237423.6588067931,0.11294824484434664
294,w155463296,531.2875348292291,mfh,58191.96561368482,64657.73957076091,72739.95701710602,r2,-48024.59287644849,-280144.96770404314,-232120.37482759464,0.11294824484434664
295,w155463300,722.957951451838,mfh,72851.56372260649,80946.1819140072,91064.4546532581,r2,-60122.84773841785,-357572.76543191524,-297449.9176934974,0.11294824484434664
296,w155463302,825.416995370388,mfh,83835.39033102265,93150.43370113627,104794.2379137783,r2,-69187.56647633652,-364373.3881412269,-295185.8216648904,0.11294824484434664
297,w155463304,1087.9011799693108,mfh,103383.28253849263,114870.31393165847,129229.10317311577,r2,-85320.02660130739,-195660.71276127102,-110340.68615996363,0.11294824484434664
298,w155463308,740.3594694465398,mfh,76850.85233867854,85389.83593186505,96063.56542334816,r2,-63423.37566451199,-346128.92658993654,-282705.55092542456,0.11294824484434664
299,w155463310,722.3160033598542,mfh,71572.46599857876,79524.96222064306,89465.58249822345,r2,-59067.23556244459,-309840.6952534887,-250773.45969104412,0.11294824484434664
300,w155463313,774.0583199881017,mfh,77394.31824577358,85993.68693974843,96742.89780721697,r2,-63871.886531179305,-348372.4442624779,-284500.5577312986,0.11294824484434664
301,w155463314,1101.9502923069522,mfh,104589.27931439501,116210.31034932779,130736.59914299376,r2,-86315.31011789307,-448586.66252447985,-362271.35240658675,0.11294824484434664
302,w155463317,740.3064833164215,mfh,77795.36028308852,86439.28920343169,97244.20035386065,r2,-64202.85800404982,-338983.46676407615,-274780.60876002634,0.11294824484434664
303,w155463319,828.4481069911271,mfh,79311.13431075914,88123.48256751015,99138.91788844892,r2,-65453.79410500285,-322665.5444637893,-257211.75035878646,0.11294824484434664
304,w155463321,624.9694833666086,mfh,67686.40462158769,75207.11624620853,84608.0057769846,r2,-55860.151671141924,-312533.38748585206,-256673.23581471015,0.11294824484434664
305,w155463324,722.1055689860135,mfh,75258.39220631616,83620.43578479573,94072.99025789519,r2,-62109.152150627204,-355179.2695600786,-293070.1174094514,0.11294824484434664
306,w155463327,780.4636536210775,mfh,82082.98239635307,91203.31377372563,102603.72799544132,r2,-67741.3414394532,-155348.27727356734,-87606.93583411413,0.11294824484434664
307,w155463330,1083.7826592791826,mfh,101794.3439925359,113104.82665837322,127242.92999066987,r2,-84008.70937786369,-438992.70880251797,-354983.9994246543,0.11294824484434664
308,w155463331,701.7002469789237,mfh,74094.51063810178,82327.23404233532,92618.13829762723,r2,-61148.62542016816,-366188.24048393784,-305039.6150637697,0.11294824484434664
309,w155463336,445.3318914603442,mfh,41481.25472722174,46090.28303024638,51851.568409027175,r1,-37189.250435026916,-175977.81627788508,-138788.56584285817,0.12269994340301416
310,w155463337,349.66978192329407,trade,17440.472547309895,19378.302830344328,21800.59068413737,nr1,-14611.744834307206,-143447.52895619677,-128835.78412188956,0.12269504769893493
311,w155463339,868.4495440013707,mfh,86911.68778856398,96568.54198729331,108639.60973570497,r2,-71726.36940913407,-384550.8587248103,-312824.4893156762,0.11294824484434664
312,w155463342,722.9579402044416,mfh,75099.4476909186,83443.83076768734,93874.30961364825,r2,-61977.97861899938,-354524.08139209764,-292546.1027730983,0.11294824484434664
313,w155463343,844.8904670208692,mfh,116532.935645521,129481.03960613445,145666.16955690124,r2,-96172.15593345449,-220547.4298040064,-124375.2738705519,0.11294824484434664
314,w155463347,1083.6851687338203,mfh,100547.44511212312,111719.38345791458,125684.3063901539,r2,-82979.67022343032,-407039.37225017714,-324059.7020267468,0.11294824484434664
315,w155463348,740.608741542697,mfh,75746.48526154054,84162.76140171172,94683.10657692567,r2,-62511.96497909541,-329257.75811661,-266745.7931375146,0.11294824484434664
316,w155463352,356.4181080274284,mfh,37354.60444961955,41505.116055132836,46693.25556202444,r1,-33489.578579854955,-173421.19577851193,-139931.61719865698,0.12269994340301416
317,w155463353,722.1394314199686,mfh,69481.85273849044,77202.05859832272,86852.31592311306,r2,-57341.89685599204,-297068.3849364275,-239726.4880804355,0.11294824484434664
318,w155463354,696.3946817303076,mfh,71714.40889877343,79682.6765541927,89643.01112346679,r2,-59184.37802226121,-339970.77289933723,-280786.39487707603,0.11294824484434664
319,w155463358,865.4375973489136,mfh,86807.83859879625,96453.1539986625,108509.79824849531,r2,-71640.66487919512,-393085.8367514284,-321445.1718722333,0.11294824484434664
320,w155463359,1101.9756921548396,mfh,104084.9988123875,115649.99868043055,130106.24851548436,r2,-85899.1381335127,-454539.5912819328,-368640.4531484201,0.11294824484434664
321,w155463364,740.593882034719,mfh,76560.6416509714,85067.37961219045,95700.80206371425,r2,-63183.87094975369,-344637.05852958356,-281453.1875798299,0.11294824484434664
322,w155463365,603.6562003400177,mfh,58346.304125960916,64829.226806623235,72932.88015745115,r2,-48151.965171559146,-245923.13770582151,-197771.17253426235,0.11294824484434664
323,w155463369,722.4004129424691,mfh,76263.9589754263,84737.7321949181,95329.94871928287,r2,-62939.02504093636,-350111.05690366385,-287172.0318627275,0.11294824484434664
324,w155463370,696.1379145577084,mfh,69493.22190870298,77214.69100966997,86866.52738587873,r2,-57351.27959061944,-131521.1995292508,-74169.91993863136,0.11294824484434664
325,w155463373,865.3327697202564,mfh,88869.68028963963,98744.08921071069,111087.10036204953,r2,-73342.2590208296,-381535.4103496544,-308193.1513288248,0.11294824484434664
326,w155463376,746.0008564919234,mfh,79289.25148714079,88099.16831904532,99111.56435892599,r2,-65435.73467559235,-378967.56681399216,-313531.8321383998,0.11294824484434664
327,w155463378,701.7079005709849,mfh,74030.34360742048,82255.9373415783,92537.9295092756,r2,-61095.66973303744,-345631.6150853084,-284535.94535227097,0.11294824484434664
328,w155463380,722.7905322581529,mfh,73963.85360440973,82182.05956045525,92454.81700551216,r2,-61040.796946197,-353077.07838516857,-292036.2814389716,0.11294824484434664
329,w155463382,654.6620004437864,mfh,67151.48821658902,74612.76468509891,83939.36027073626,r2,-55418.69652691231,-300502.1435652176,-245083.4470383053,0.11294824484434664
330,w155463388,654.8312545590103,mfh,81393.9061614247,90437.67351269412,101742.38270178088,r2,-67172.66146285713,-154044.14817297758,-86871.48671012046,0.11294824484434664
331,w155463390,493.81194685008376,mfh,60438.75608177218,67154.17342419131,75548.44510221522,r2,-49878.821314526984,-114384.93538799342,-64506.11407346644,0.11294824484434664
332,w155463392,746.3197361536323,mfh,76096.98420292689,84552.20466991876,95121.2302536586,r2,-62801.22430873295,-353281.1190593606,-290479.89475062763,0.11294824484434664
333,w155463395,740.6091377854347,mfh,75823.19300048825,84247.99222276472,94778.9912506103,r2,-62575.27024631894,-335120.94790724886,-272545.6776609299,0.11294824484434664
334,w155463397,721.9107812985777,mfh,72067.51979580164,80075.02199533515,90084.39974475204,r2,-59475.79294339646,-315299.82647633937,-255824.0335329429,0.11294824484434664
335,w155463400,957.7393607803388,mfh,93145.11218539192,103494.5690948799,116431.39023173989,r2,-76870.68212871307,-176284.19791794373,-99413.51578923066,0.11294824484434664
336,w155463402,519.368776667118,mfh,64707.773672354364,71897.52630261595,80884.71709044295,r2,-53401.95083263168,-122464.37535211639,-69062.42451948472,0.11294824484434664
337,w155463405,658.592996231094,mfh,68786.693781282,76429.65975697999,85983.3672266025,r2,-56768.196937931505,-316628.7336504635,-259860.53671253202,0.11294824484434664
338,w155463406,932.8967588515952,mfh,88951.02677984309,98834.47419982565,111188.78347480386,r2,-73409.39255090975,-419353.1980822887,-345943.80553137895,0.11294824484434664
339,w155463408,925.4807321801782,mfh,83808.05960326367,93120.06622584852,104760.07450407957,r2,-69165.01100738478,-375163.6109101425,-305998.5999027577,0.11294824484434664
340,w155463411,886.3585438661277,mfh,87609.40916129423,97343.78795699359,109511.76145161779,r2,-72302.18403428377,-385613.7958777146,-313311.6118434308,0.11294824484434664
341,w155463413,436.59599217027426,trade,47878.12319306879,53197.914658965325,59847.65399133599,nr1,-40112.61262244606,-91992.87699140035,-51880.26436895429,0.12269504769893493
342,w155463416,722.4005093876273,mfh,76809.2693642879,85343.63262698655,96011.58670535988,r2,-63389.05811921784,-352673.6351118967,-289284.57699267886,0.11294824484434664
343,w155463417,662.6720001816749,mfh,67902.19627616613,75446.8847512957,84877.74534520766,r2,-56038.23993896334,-314938.84564859624,-258900.6057096329,0.11294824484434664
344,w155463421,636.8468125164508,mfh,58984.04744037463,65537.83048930514,73730.05930046827,r2,-48678.281179472,-269494.7995584909,-220816.51837901893,0.11294824484434664
345,w155463422,674.0859733853489,mfh,68850.04054930646,76500.04505478496,86062.55068663307,r2,-56820.47567971883,-130303.92996569803,-73483.4542859792,0.11294824484434664
346,w155463424,701.7858467099256,mfh,75480.84753817206,83867.60837574674,94351.05942271507,r2,-62292.73980972946,-359466.440982397,-297173.70117266756,0.11294824484434664
347,w155463427,540.3469697440042,mfh,60309.47982277879,67010.53313642088,75386.84977847348,r2,-49772.132364578756,-114140.27025107111,-64368.13788649235,0.11294824484434664
348,w155463430,521.3457492198795,mfh,56656.652176633506,62951.83575181501,70820.81522079188,r2,-46757.531316067194,-270278.4406252827,-223520.9093092155,0.11294824484434664
349,w155463434,634.5610695700626,mfh,70087.54040941766,77875.04489935296,87609.42551177207,r2,-57841.75802238859,-132645.99242227728,-74804.2343998887,0.11294824484434664
350,w155463435,555.457107925415,mfh,68895.94513571878,76551.05015079865,86119.93141964846,r2,-56858.35975959764,-130390.80788131362,-73532.44812171598,0.11294824484434664
351,w155463436,830.3215000247583,mfh,75102.116669221,83446.79629913444,93877.64583652624,r2,-61980.18127008732,-313613.06485544064,-251632.88358535332,0.11294824484434664
352,w155463437,634.6341266736388,mfh,62765.9374953618,69739.930550402,78457.42186920226,r2,-51799.3946919452,-281835.59605126374,-230036.20135931854,0.11294824484434664
353,w155463439,740.3900625675916,mfh,102712.47931310057,114124.97701455619,128390.59914137571,r2,-84766.42695125387,-194391.16671881586,-109624.73976756199,0.11294824484434664
354,w155463441,304.4361848443746,mfh,31042.35463078056,34491.505145311734,38802.9432884757,r1,-27830.447946875207,-151352.63867144394,-123522.19072456873,0.12269994340301416
355,w155463442,681.7836883433163,mfh,69755.14210312959,77505.71344792176,87193.92762891199,r2,-57567.436762332174,-318517.1138904363,-260949.67712810414,0.11294824484434664
356,w155463445,701.5969566701912,mfh,75987.47139052037,84430.52376724486,94984.33923815045,r2,-62710.845711359354,-358309.464693208,-295598.61898184865,0.11294824484434664
357,w155463446,527.3302180506289,mfh,52149.493042184484,57943.88115798276,65186.8663027306,r2,-43037.86864135634,-242295.42140933961,-199257.5527679833,0.11294824484434664
358,w155463447,540.1562461696565,mfh,54790.656252810106,60878.506947566784,68488.32031601263,r2,-45217.56452502178,-294846.72926463914,-249629.16473961738,0.11294824484434664
359,w155463448,488.2503870327026,mfh,52102.972016186395,57892.19112909599,65128.715020232994,r2,-42999.47582698426,-250563.50632728083,-207564.03050029656,0.11294824484434664
360,w155463452,416.2699146196246,mfh,40298.11648196537,44775.68497996152,50372.64560245671,r1,-36128.52976031641,-176470.60855049087,-140342.07879017445,0.12269994340301416
361,w155463453,826.68092449978,mfh,84500.28416303685,93889.2046255965,105625.35520379606,r2,-69736.28922958608,-366217.3339663038,-296481.0447367177,0.11294824484434664
362,w155463454,830.106713430956,mfh,74563.31780504691,82848.13089449657,93204.14725630864,r2,-61535.52201478683,-320785.4586923746,-259249.93667758774,0.11294824484434664
363,w155463458,653.3753796381876,mfh,86810.64061733033,96456.26735258925,108513.3007716629,r2,-71642.9773255597,-164295.7294582441,-92652.75213268441,0.11294824484434664
364,w155463459,895.5709099378438,mfh,82615.45605984346,91794.95117760384,103269.32007480432,r2,-68180.78064101445,-375459.86937224405,-307279.0887312296,0.11294824484434664
365,w155463463,389.00259175430983,mfh,36669.81533382472,40744.23925980525,45837.2691672809,r1,-32875.64358463982,-157651.2602425276,-124775.61665788779,0.12269994340301416
366,w155463464,681.5525098629297,mfh,68424.51198506734,76027.23553896371,85530.63998133417,r2,-56469.295996417706,-324544.2351808584,-268074.9391844407,0.11294824484434664
367,w155463468,854.9059582386632,mfh,80418.7859319196,89354.20659102178,100523.4824148995,r2,-66367.91545481785,-358419.8128519791,-292051.8973971612,0.11294824484434664
368,w155463469,716.6904537379742,mfh,70759.86332296651,78622.07035885168,88449.82915370814,r2,-58396.61183879066,-348316.0893784163,-289919.47753962566,0.11294824484434664
369,w155463470,729.9574093736708,mfh,62222.193896084354,69135.77099564928,77777.74237010544,r2,-51350.65465181956,-266614.24478087516,-215263.5901290556,0.11294824484434664
370,w155463473,376.1376306014136,mfh,38179.20833718526,42421.342596872506,47724.010421481566,r1,-34228.861918462666,-213356.3085089194,-179127.44659045673,0.12269994340301416
371,w155463474,720.4433401308954,mfh,70059.10208747681,77843.44676386313,87573.87760934602,r2,-57818.28847949043,-330997.5310771939,-273179.2425977035,0.11294824484434664
372,w155463478,638.9194020115071,mfh,75431.05025460606,83812.2780606734,94288.81281825757,r2,-62251.64316959382,-397659.991346105,-335408.3481765112,0.11294824484434664
373,w155463479,451.8404746033251,mfh,40515.5925719778,45017.32507997534,50644.49071497225,r1,-36323.503919808136,-192067.0675792825,-155743.56365947437,0.12269994340301416
374,w155463480,830.1067659631371,mfh,73946.49061173816,82162.76734637574,92433.11326467269,r2,-61026.467637238726,-308068.6989584603,-247042.23132122157,0.11294824484434664
375,w155463484,531.1159037780716,mfh,58369.1764870996,64854.64054122177,72961.47060887449,r2,-48170.8412452615,-278496.97151861846,-230326.13027335698,0.11294824484434664
376,w155463485,716.6882258921862,mfh,74454.23970705157,82726.93300783508,93067.79963381446,r2,-61445.50217798083,-340214.02636078367,-278768.5241828028,0.11294824484434664
377,w155463490,790.5601109853014,mfh,74837.66416863547,83152.96018737274,93547.08021079433,r2,-61761.934239902934,-335589.4995103015,-273827.56527039857,0.11294824484434664
378,w155463491,681.5525530032813,mfh,68311.1438762823,75901.270973647,85388.92984535286,r2,-56375.7357048524,-310502.41989096446,-254126.68418611208,0.11294824484434664
379,w155463494,531.001435648324,mfh,55196.506857894,61329.45206432666,68995.63357236749,r2,-45552.50440670933,-250392.38970304106,-204839.88529633172,0.11294824484434664
380,w155463495,716.4590312853455,mfh,83115.46206910735,92350.51341011928,103894.32758638418,r2,-68593.42497734925,-157302.32345707295,-88708.8984797237,0.11294824484434664
381,w155463496,611.941689690575,mfh,63336.79136270675,70374.21262522972,79170.98920338343,r2,-52270.5082603231,-309136.0683057992,-256865.56004547613,0.11294824484434664
382,w155463500,886.4204262562096,mfh,86326.48532234,95918.31702482222,107908.106652925,r2,-71243.41424695113,-408743.58052886685,-337500.16628191574,0.11294824484434664
383,w155463502,540.1563036605716,mfh,59622.97968702763,66247.75520780848,74528.72460878454,r2,-49205.57838790189,-291709.0556490752,-242503.4772611733,0.11294824484434664
384,w155463507,1267.198863344267,mfh,125030.18290685206,138922.42545205785,156287.72863356507,r2,-103184.75356600422,-559162.0769531672,-455977.323387163,0.11294824484434664
385,w155463508,530.6506136165466,mfh,58697.706018984085,65219.67335442676,73372.1325237301,r2,-48441.96968799849,-292571.21678424795,-244129.24709624946,0.11294824484434664
386,w155463511,1747.3368958860635,mfh,165408.15175479875,183786.8352831097,206760.18969349843,r2,-136507.83338725942,-722883.7822605128,-586375.9488732534,0.11294824484434664
387,w155463513,612.2091895099729,mfh,62810.99192400383,69789.99102667092,78513.73990500478,r2,-51836.577154678605,-118874.57185853265,-67037.99470385406,0.11294824484434664
388,w155463514,830.106801855378,mfh,97521.67133597643,108357.41259552936,121902.08916997052,r2,-80482.56341146336,-184567.16845069302,-104084.60503922966,0.11294824484434664
389,w155463518,691.345141955465,mfh,71770.03980141837,79744.48866824263,89712.54975177297,r2,-59230.28902428181,-320124.72319466807,-260894.43417038626,0.11294824484434664
390,w155463519,507.32179623667616,mfh,56735.980978924694,63039.97886547188,70919.97622365586,r2,-46822.99969118106,-107377.15233034016,-60554.1526391591,0.11294824484434664
391,w155463522,1139.1653657640795,mfh,111957.4800944467,124397.20010494077,139946.85011805836,r2,-92396.12967712613,-499349.66110224964,-406953.5314251235,0.11294824484434664
392,w155463523,446.09937440417707,mfh,44076.67490311296,48974.08322568106,55095.8436288912,r1,-39516.12631040873,-206614.8373299536,-167098.71101954486,0.12269994340301416
393,w155463528,681.6119319483638,mfh,67168.65411958059,74631.8379106451,83960.81764947574,r2,-55432.86318194505,-315501.01902985753,-260068.15584791248,0.11294824484434664
394,w155463529,691.3949336603283,mfh,70498.99516579164,78332.2168508796,88123.74395723954,r2,-58181.322891070246,-301814.158569035,-243632.83567796476,0.11294824484434664
395,w155463531,507.3216828555101,mfh,54301.87194484779,60335.413272053105,67877.33993105973,r2,-44814.18122035529,-251461.85946473767,-206647.67824438238,0.11294824484434664
396,w155463534,640.8467616457492,mfh,62327.7366046204,69253.04067180044,77909.67075577549,r2,-51437.75680681756,-266408.17879807233,-214970.42199125479,0.11294824484434664
397,w155463535,513.5901312197791,mfh,53531.84934595847,59479.83260662052,66914.81168244808,r2,-44178.697929365924,-274329.9681493714,-230151.27022000548,0.11294824484434664
398,w155463536,691.6131192699074,mfh,70106.69331520675,77896.32590578527,87633.36664400843,r2,-57857.56450861433,-304406.5435397634,-246548.9790311491,0.11294824484434664
399,w155463537,507.3215693686623,mfh,56208.376591366396,62453.751768184884,70260.47073920799,r2,-46387.5789995941,-289941.30569232604,-243553.72669273196,0.11294824484434664
400,w155463538,643.413233704865,mfh,62519.48594845025,69466.09549827805,78149.35743556281,r2,-51596.003466380294,-260971.61419696783,-209375.61073058753,0.11294824484434664
401,w155463539,532.5146771525033,mfh,63645.72817661094,70717.47575178993,79557.16022076366,r2,-52525.46724917717,-315405.6392024908,-262880.17195331363,0.11294824484434664
402,w155463540,672.5435386247933,mfh,69728.58665592468,77476.20739547187,87160.73331990585,r2,-57545.52111595008,-336733.4406326628,-279187.9195167127,0.11294824484434664
403,w155463541,696.2558067506179,mfh,68140.40456867278,75711.56063185864,85175.50571084097,r2,-56234.828181803794,-312448.18677998707,-256213.35859818326,0.11294824484434664
404,w155463542,768.6694619961085,mfh,70452.61825750764,78280.68695278626,88065.77282188454,r2,-58143.04901398567,-296812.10047811334,-238669.05146412767,0.11294824484434664
405,w155463543,587.0278481058776,mfh,67960.80224352589,75512.00249280654,84951.00280440736,r2,-56086.60619868497,-356960.0551541866,-300873.44895550166,0.11294824484434664
406,w155463544,825.5248426020145,mfh,85401.1445387404,94890.16059860044,106751.4306734255,r2,-70479.75015800526,-389063.0576332237,-318583.30747521843,0.11294824484434664
407,w155463545,709.4769112125038,mfh,71222.60015436108,79136.22239373453,89028.25019295134,r2,-58778.49871444959,-331187.2437942771,-272408.7450798275,0.11294824484434664
408,w155463546,647.0489746004342,mfh,65229.56735174304,72477.29705749227,81536.95918967879,r2,-53832.576070220355,-278818.79810958845,-224986.2220393681,0.11294824484434664
409,w155463547,439.83636349271984,mfh,55822.91637703049,62025.462641144986,69778.64547128811,r2,-46069.466874177306,-295385.88871700614,-249316.42184282883,0.11294824484434664
410,w155463548,500.40091222245246,mfh,50608.44294989892,56231.60327766546,63260.55368737365,r2,-41766.07274129101,-241166.45422310077,-199400.38148180975,0.11294824484434664
411,w155463549,840.6744982544333,mfh,77812.29168418306,86458.1018713145,97265.36460522882,r2,-64216.83112964916,-350536.0138617186,-286319.1827320694,0.11294824484434664
412,w155463551,586.1050742082298,mfh,58311.70005310116,64790.77783677906,72889.62506637644,r2,-48123.40716542494,-249277.30354023704,-201153.89637481212,0.11294824484434664
413,w155463552,667.035758360289,mfh,68611.36813966843,76234.85348852047,85764.21017458553,r2,-56623.50441087046,-328142.18630177807,-271518.6818909076,0.11294824484434664
414,w155463553,817.6307530952618,mfh,76121.17683301146,84579.08537001273,95151.47104126432,r2,-62821.189972345965,-358350.4985502774,-295529.3085779314,0.11294824484434664
415,w155463556,586.3306637331843,mfh,58389.53267413472,64877.25852681636,72986.9158426684,r2,-48187.64077393474,-259056.74435218677,-210869.10357825202,0.11294824484434664
416,w155463558,710.1379440590739,mfh,76045.60421720927,84495.11579689919,95057.00527151159,r2,-62758.82149813763,-333737.3075109132,-270978.48601277557,0.11294824484434664
417,w155463561,654.0662793286144,mfh,67484.1055322695,74982.33948029944,84355.13191533687,r2,-55693.198530767215,-320504.6052643073,-264811.40673354006,0.11294824484434664
418,w155463562,586.3292756803334,mfh,62489.686719807825,69432.98524423092,78112.10839975977,r2,-51571.4107960951,-118266.47736082226,-66695.06656472717,0.11294824484434664
419,w155463566,653.8032613813876,mfh,79821.81459180106,88690.90510200117,99777.26823975131,r2,-65875.24769105084,-151068.84549844678,-85193.59780739594,0.11294824484434664
420,w155463567,133.41999841853976,sfh,16812.34212628535,18680.38014031706,21015.42765785669,r1,-15072.793864248066,-158279.03437471512,-143206.24051046706,0.12269994340301416
421,w155463569,886.7166110530495,mfh,89344.73378128349,99271.92642364831,111680.91722660436,r2,-73734.31057451291,-387787.2801689725,-314052.9695944596,0.11294824484434664
422,w155463572,311.3570919752121,mfh,37049.286103353596,41165.87344817066,46311.60762919199,r1,-33215.851072903686,-76172.4691702918,-42956.61809738812,0.12269994340301416
423,w155463574,690.7508181013167,mfh,73938.22182637722,82153.5798070858,92422.77728297152,r2,-61019.643584358666,-346729.049516802,-285709.40593244333,0.11294824484434664
424,w155463577,931.9227139726281,mfh,91767.39577730157,101963.77308589063,114709.24472162696,r2,-75733.68204803213,-435902.9838055799,-360169.3017575478,0.11294824484434664
425,w155463578,931.2066993936896,mfh,113873.29084532303,126525.8787170256,142341.61355665379,r2,-93977.20758657422,-215513.85005570634,-121536.64246913212,0.11294824484434664
426,w155463581,136.57608463019133,sfh,15504.72383154245,17227.470923936053,19380.90478942806,r1,-13900.472907314617,-136872.5696423817,-122972.0967350671,0.12269994340301416
427,w155463583,1186.495489549823,mfh,107597.9657693742,119553.29529930466,134497.45721171776,r2,-88798.31512673713,-489957.95588880166,-401159.64076206455,0.11294824484434664
428,w155463586,949.1754787907004,mfh,99130.40659824188,110144.89622026875,123913.00824780235,r2,-81810.21844427628,-456615.9523348563,-374805.73389058,0.11294824484434664
429,w155463589,722.9646147996187,mfh,74491.86490237436,82768.73878041595,93114.83112796795,r2,-61476.55345229711,-327591.06092415826,-266114.50747186114,0.11294824484434664
430,w155463591,591.1442194825038,mfh,64678.21058481115,71864.67842756795,80847.76323101393,r2,-53377.55304457862,-315134.99642061,-261757.44337603138,0.11294824484434664
431,w155463593,714.1720465600491,mfh,65998.27720719548,73331.4191191061,82497.84650899435,r2,-54466.975981941774,-296158.2785403069,-241691.30255836513,0.11294824484434664
432,w155463596,724.8313003255054,mfh,74351.19116110305,82612.43462344783,92938.98895137881,r2,-61360.45840237543,-140715.2752362495,-79354.81683387407,0.11294824484434664
433,w155463597,752.1160736689344,mfh,90201.17169119278,100223.52410132531,112751.46461399097,r2,-74441.1105857103,-390641.49120983854,-316200.3806241283,0.11294824484434664
434,w155463600,535.4490051213652,mfh,57331.72421215389,63701.915791282096,71664.65526519236,r2,-47314.65392442461,-272229.87633440015,-224915.22240997554,0.11294824484434664
435,w155463601,1134.7886181510985,mfh,102309.60655711923,113677.34061902136,127887.00819639904,r2,-84433.94462516336,-440976.1376249395,-356542.1929997761,0.11294824484434664
436,w155463605,311.537215103209,mfh,31814.163850517616,35349.07094501957,39767.704813147015,r1,-28522.39920412654,-168015.07962206771,-139492.68041794118,0.12269994340301416
437,w155463606,862.8643754934892,mfh,80528.62563373563,89476.2507041507,100660.78204216954,r2,-66458.56382707604,-357266.109099101,-290807.54527202493,0.11294824484434664
438,w155463610,543.8293658494949,mfh,55092.76236826589,61214.18040918432,68865.95296033236,r2,-45466.886283571155,-262213.3177284831,-216746.43144491196,0.11294824484434664
439,w155463611,1002.8680375270545,mfh,100604.25999431527,111782.51110479474,125755.3249928941,r2,-83026.55833861642,-451394.3734957212,-368367.81515710475,0.11294824484434664
440,w155463612,535.6290688522159,mfh,55353.09690234203,61503.44100260226,69191.37112792753,r2,-45681.73484348552,-261110.71209825872,-215428.9772547732,0.11294824484434664
441,w155463616,543.6235096465331,mfh,57200.692758161975,63556.32528684664,71500.86594770246,r2,-47206.51644933491,-256398.0928508724,-209191.5764015375,0.11294824484434664
442,w155463618,752.1486698825844,mfh,82006.36341207761,91118.18156897512,102507.95426509701,r2,-67678.10941957502,-367813.1746466656,-300135.06522709056,0.11294824484434664
443,w155463621,238.18491610530762,mfh,28404.409875063735,31560.45541673748,35505.512343829665,r1,-25465.447447270275,-148799.22223432895,-123333.77478705868,0.12269994340301416
444,w155463623,92.20594262611121,mfh,9132.754446777499,10147.504940863888,11415.943058471872,r1,-8187.801803881499,-60243.06886627138,-52055.26706238988,0.12269994340301416
445,w155463625,52.41574023310095,sfh,7033.945828223884,7815.4953646932045,8792.432285279854,r1,-6306.153819897988,-53111.43234894611,-46805.27852904812,0.12269994340301416
446,w155463626,98.3909645654261,mfh,11470.284420095255,12744.760466772505,14337.855525119068,r1,-10283.47099587554,-62596.07651480398,-52312.60551892844,0.12269994340301416
447,w155463629,515.0338505528867,mfh,51398.76226883762,57109.73585426402,64248.45283604702,r2,-42418.306484113695,-242147.5665406442,-199729.26005653053,0.11294824484434664
448,w155463631,546.7249739198014,mfh,54498.03173181654,60553.36859090727,68122.53966477067,r2,-44976.06772493642,-254673.98215947783,-209697.91443454142,0.11294824484434664
449,w155463632,612.4270064728335,mfh,59182.97034641291,65758.85594045879,73978.71293301614,r2,-48842.44802751607,-294477.5064537317,-245635.0584262156,0.11294824484434664
450,w155463633,683.6260891854763,mfh,66447.47672484674,73830.52969427416,83059.34590605841,r2,-54837.69080018165,-304604.89817202924,-249767.2073718476,0.11294824484434664
451,w155463638,279.5906790524721,ab,31751.206474534447,35279.118305038275,39689.00809316806,r1,-28465.955935050748,-207660.71571292006,-179194.75977786933,0.12269994340301416
452,w155463639,282.758548167441,other,11937.18877663349,13263.543085148322,14921.48597079186,nr1,-10001.056793041322,-146666.95169765523,-136665.8949046139,0.12269504769893493
453,w155463640,56.80619836300611,sfh,8184.0085612558705,9093.342845839856,10230.010701569838,r1,-7337.221256887799,-74404.68217840468,-67067.46092151687,0.12269994340301416
454,w155463643,240.41873629689215,ab,28618.39069822981,31798.21188692201,35772.98837278726,r1,-25657.287990024975,-198960.56606562558,-173303.2780756006,0.12269994340301416
455,w155463644,98.43792371228336,mfh,11378.497942278274,12642.775491420305,14223.122427847842,r1,-10201.181529644791,-64750.363152022226,-54549.18162237744,0.12269994340301416
456,w155463645,98.39091195091605,mfh,10899.372596792713,12110.413996436348,13624.21574599089,r1,-9771.630577529108,-64267.30919800237,-54495.67862047326,0.12269994340301416
457,w155463647,97.66299930792302,mfh,9819.249035271907,10910.276705857674,12274.061294089883,r1,-8803.265809049482,-59357.50486256619,-50554.23905351671,0.12269994340301416
458,w155463653,470.14576585392933,mfh,47343.82797379253,52604.253304213926,59179.78496724067,r1,-42445.23186794469,-241378.22685728446,-198932.9949893398,0.12269994340301416
459,w155463654,482.5493668295443,mfh,50789.817555746704,56433.13061749634,63487.27194468338,r2,-41915.757350018466,-229969.4858375122,-188053.72848749376,0.11294824484434664
460,w155463656,98.38099298849701,mfh,11317.901086955633,12575.445652172926,14147.37635869454,r1,-10146.85454163568,-64611.781540805816,-54464.92699917014,0.12269994340301416
461,w155463657,376.1220065855421,mfh,40804.56236005029,45338.402622278096,51005.702950062856,r1,-36582.574429787965,-207302.5839041545,-170720.00947436655,0.12269994340301416
462,w155463660,49.947176152281465,mfh,6183.224959844154,6870.249955382393,7729.031199805192,r1,-5543.455785990267,-38189.408871685715,-32645.953085695448,0.12269994340301416
463,w155463661,78.16354378722608,sfh,9529.027585218042,10587.808428020047,11911.284481522553,r1,-8543.073144708813,-81774.03867393392,-73230.9655292251,0.12269994340301416
464,w155463663,104.99722011834383,sfh,12313.797837123066,13681.997596803405,15392.247296403832,r1,-11039.707322800494,-92323.68322198675,-81283.97589918626,0.12269994340301416
465,w155463665,584.8363451194018,trade,65489.06782994515,72765.63092216128,81861.33478743143,nr2,-50508.572350112976,-115834.6110972377,-65326.03874712473,0.11294824484434664
466,w155463667,587.3173447391018,mfh,60049.36894779504,66721.5210531056,75061.71118474379,r2,-49557.468385761465,-289132.16547846055,-239574.6970926991,0.11294824484434664
467,w155463669,557.4523567564785,mfh,74566.33247872395,82851.4805319155,93207.91559840494,r2,-61538.009960922835,-141122.4465169102,-79584.43655598735,0.11294824484434664
468,w155463671,449.48969881236553,mfh,53807.451205461286,59786.056894956986,67259.31400682661,r2,-44406.14628858585,-101834.68735197088,-57428.541063385026,0.11294824484434664
469,w155576276,58.73152135126293,other,7045.895884197606,7828.773204664007,8807.369855247007,nr1,-5903.098812816899,-82473.46303302042,-76570.36422020353,0.12269504769893493
470,w159548666,1258.4072781499474,other,45646.415864980954,50718.23984997884,57058.01983122619,nr1,-38242.87325991355,-416106.41354387236,-377863.54028395884,0.12269504769893493
471,w159548667,15669.025621107221,trade,1690152.4675691654,1877947.1861879616,2112690.5844614566,nr2,-1303533.414349573,-2989478.400949091,-1685944.9865995182,0.11294824484434664
472,w159548669,1128.1401582509743,trade,101016.05651507797,112240.06279453108,126270.07064384746,nr2,-77908.83223843854,-630622.4588315616,-552713.6265931231,0.11294824484434664
473,w159548670,188.14899220019578,mfh,20686.794585134157,22985.32731681573,25858.493231417695,r1,-18546.362437287815,-124468.70457078589,-105922.34213349808,0.12269994340301416
474,w159548671,318.3455893772654,other,12678.611071280573,14087.345634756191,15848.263839100715,nr1,-10622.225362554691,-99437.17862362388,-88814.9532610692,0.12269504769893493
475,w159548672,170.00981159284711,ab,21693.564691985554,24103.960768872836,27116.95586498194,r1,-19448.963524945488,-141552.76110125202,-122103.79757630653,0.12269994340301416
476,w159548674,118.95309109317604,trade,10698.097727886172,11886.775253206857,13372.622159857714,nr1,-8962.938004593554,-103725.0909976791,-94762.15299308555,0.12269504769893493
477,w159548675,865.047436706489,mfh,102991.19583042577,114434.66203380641,128738.99478803221,r2,-84996.4457714007,-194918.65889259044,-109922.21312118974,0.11294824484434664
478,w159548677,106.67055884185247,other,5051.132551777805,5612.369501975339,6313.915689722256,nr1,-4231.872718507531,-66018.3636472696,-61786.49092876206,0.12269504769893493
479,w159872586,633.9711885744706,mfh,63296.51826329519,70329.46473699466,79120.64782911899,r2,-52237.27172701966,-306379.75829059904,-254142.48656357938,0.11294824484434664
480,w159872589,1091.462102752924,mfh,109711.76131493182,121901.95701659091,137139.70164366477,r2,-90542.78568085743,-520664.60038733477,-430121.81470647734,0.11294824484434664
481,w159872591,2692.1037788091226,mfh,236994.7575607523,263327.5084008359,296243.44695094036,r2,-195586.7382323166,-960384.1463921069,-764797.4081597903,0.11294824484434664
482,w159872593,436.90541737405584,mfh,42310.2471748181,47011.38574979788,52887.80896852262,r1,-37932.468255826716,-197755.16561573365,-159822.69735990695,0.12269994340301416
483,w159872596,218.88012801047884,mfh,24687.406735417215,27430.45192824135,30859.25841927152,r1,-22133.037144421312,-50756.73315815401,-28623.6960137327,0.12269994340301416
484,w159872599,487.8712977081537,mfh,62512.801550512224,69458.66838945802,78141.00193814028,r2,-51590.48697477853,-118310.22393318798,-66719.73695840946,0.11294824484434664
485,w159872601,472.41725389491756,mfh,55102.179453961304,61224.64383773478,68877.72431745162,r2,-45474.6580043205,-300452.3952717471,-254977.73726742656,0.11294824484434664
486,w159872603,453.131132603623,mfh,44133.74235081957,49037.49150091063,55167.17793852446,r1,-39567.28907340626,-201195.90711212988,-161628.61803872362,0.12269994340301416
487,w159872608,317.054659525305,mfh,42418.59647518505,47131.77386131672,53023.24559398131,r1,-38029.60681376821,-87211.64621740468,-49182.03940363647,0.12269994340301416
488,w159872611,474.9952949794941,mfh,49518.76322451171,55020.84802723523,61898.45403063964,r1,-44395.129773657834,-258296.846431586,-213901.71665792816,0.12269994340301416
489,w159872613,461.6615135567263,mfh,51908.97155913925,57676.63506571028,64886.21444892406,r2,-42839.37137151038,-266719.5199713576,-223880.14859984722,0.11294824484434664
490,w159872615,129.00588214695452,mfh,17482.708906653184,19425.232118503536,21853.38613331648,r1,-15673.798781827416,-105767.16264793454,-90093.36386610713,0.12269994340301416
491,w159872617,185.93316667452453,mfh,23842.187269190712,26491.31918798968,29802.734086488388,r1,-21375.271290693912,-123569.08886068659,-102193.81756999268,0.12269994340301416
492,w159872620,193.91208087578414,mfh,19951.704143875566,22168.56015986174,24939.630179844455,r1,-17887.330720621343,-102252.30202087435,-84364.971300253,0.12269994340301416
493,w159872622,447.3657494872576,mfh,48222.887079432345,53580.985643813714,60278.60884929043,r1,-43233.336023467644,-256022.4239150632,-212789.08789159555,0.12269994340301416
494,w159872625,158.90772645771503,mfh,21812.55879736996,24236.176441522177,27265.698496712448,r1,-19555.645485617442,-132633.74575269918,-113078.10026708174,0.12269994340301416
495,w159872628,167.04002443812786,mfh,22316.95385208744,24796.615391208266,27896.1923151093,r1,-20007.851527392922,-136607.48943873207,-116599.63791133914,0.12269994340301416
496,w159872630,130.34995984360575,mfh,15651.765693198737,17390.85077022082,19564.70711649842,r1,-14032.30056425335,-84125.06110983268,-70092.76054557932,0.12269994340301416
497,w159872632,133.65780365467072,th,15400.429784918571,17111.588649909525,19250.537231148213,r1,-13806.970011987964,-103389.35002157009,-89582.38000958212,0.12269994340301416
498,w159872635,49.369007284846155,th,6667.0037161585005,7407.781906842778,8333.754645198125,r1,-5977.178667374407,-71264.35619880666,-65287.17753143226,0.12269994340301416
499,w159872640,133.91130499513818,mfh,16841.992017503166,18713.324463892404,21052.490021878955,r1,-15099.37592491912,-96951.72752058636,-81852.35159566723,0.12269994340301416
500,w159872643,87.82295271442271,other,9586.965655681059,10652.184061867843,11983.707069601323,nr1,-8032.0241046269875,-86091.78237576166,-78059.75827113466,0.12269504769893493
501,w159872648,133.79360626488923,mfh,16588.326764129626,18431.47418236625,20735.408455162033,r1,-14871.95704146422,-104726.47862796202,-89854.5215864978,0.12269994340301416
502,w159872651,467.48304517045614,other,34916.24171961582,38795.82413290647,43645.302149519775,nr1,-29253.061417691457,-308090.4768480651,-278837.4154303736,0.12269504769893493
503,w159872654,134.11286987382917,mfh,15693.271850742898,17436.968723047663,19616.58981342862,r1,-14069.512140847544,-83190.53632437062,-69121.02418352308,0.12269994340301416
504,w159872660,131.42538360562176,mfh,14997.032399863274,16663.369333181414,18746.29049982909,r1,-13445.311559843514,-84004.56851166427,-70559.25695182076,0.12269994340301416
505,w159872663,509.8066861014813,other,42448.90595842464,47165.45106491627,53061.1324480308,nr1,-35563.9780216663,-303761.4894831137,-268197.5114614474,0.12269504769893493
506,w159872669,96.41428965386004,other,5871.786529566048,6524.2072550733865,7339.733161957559,nr1,-4919.422123385933,-73250.97820051255,-68331.55607712662,0.12269504769893493
507,w159872671,385.8471666022902,mfh,41615.43316584693,46239.37018427437,52019.29145730866,r1,-37309.545628357664,-200727.07000678126,-163417.52437842358,0.12269994340301416
508,w159872676,450.3884779855609,trade,21218.17488227018,23575.74986918909,26522.718602837725,nr1,-17776.7291791219,-179311.1067039761,-161534.3775248542,0.12269504769893493
509,w159872680,74.82275880910456,trade,6109.419811705227,6788.24423522803,7636.774764631534,nr1,-5118.512880436104,-11738.620224536831,-6620.1073441007275,0.12269504769893493
510,w159872682,128.20031198486686,mfh,15511.575945825718,17235.084384250797,19389.469932282147,r1,-13906.616043431535,-109008.7622904462,-95102.14624701467,0.12269994340301416
511,w159872688,74.73616111706941,trade,5312.954436680246,5903.282707422495,6641.193045850307,nr1,-4451.228849131522,-58444.0241302511,-53992.79528111958,0.12269504769893493
512,w159872690,271.2794532585889,mfh,37322.15745752331,41469.063841692565,46652.69682190414,r1,-33460.488830211034,-200317.27457830816,-166856.7857480971,0.12269994340301416
513,w159872699,406.91918786983007,mfh,43160.93333339381,47956.59259265979,53951.16666674226,r1,-38695.13517130268,-201661.60945064703,-162966.47427934434,0.12269994340301416
514,w159872700,406.7131608505966,mfh,42945.47444000405,47717.19382222672,53681.84305000506,r1,-38501.96949207198,-197306.97737352314,-158805.00788145117,0.12269994340301416
515,w159872708,435.5580747295171,mfh,48445.061462003025,53827.84606889225,60556.32682750378,r1,-43432.52235011091,-253170.51395802476,-209737.99160791386,0.12269994340301416
516,w159872710,142.59727319749075,mfh,18082.834880499548,20092.038756110607,22603.543600624434,r1,-16211.830605616264,-180884.3835254181,-164672.55291980182,0.12269994340301416
517,w159872717,364.7500545413,mfh,42094.41150892897,46771.56834325441,52618.01438616121,r1,-37738.964788191864,-210258.91915957304,-172519.95437138117,0.12269994340301416
518,w159872718,279.0297442568466,mfh,29065.91424484669,32295.460272051874,36332.39280605836,r1,-26058.506934826677,-164055.3163250583,-137996.80939023162,0.12269994340301416
519,w159872719,169.79583046399057,mfh,22639.692482727318,25155.213869697018,28299.615603409147,r1,-20297.19686756769,-46546.68035585535,-26249.48348828766,0.12269994340301416
520,w159872726,114.99229049249551,mfh,13138.022250479236,14597.802500532485,16422.527813099045,r1,-11778.65045083588,-103043.41004253172,-91264.75959169584,0.12269994340301416
521,w159872727,172.59632431017235,mfh,19972.959147375142,22192.176830416825,24966.198934218926,r1,-17906.386500234115,-128852.55641838365,-110946.16991814954,0.12269994340301416
522,w159872732,210.74365339432848,mfh,22620.046249204923,25133.384721338804,28275.05781150615,r1,-20279.58340087354,-130467.33063211566,-110187.74723124212,0.12269994340301416
523,w159872736,118.37831126665697,mfh,12647.455498732896,14052.728331925438,15809.31937341612,r1,-11338.841917903052,-83360.94676256008,-72022.10484465703,0.12269994340301416
524,w159872737,187.97203346798193,mfh,24453.56349590089,27170.62610655654,30566.95436987611,r1,-21923.3893202632,-150488.75045342618,-128565.36113316298,0.12269994340301416
525,w159872743,502.40441266223786,other,35156.6767873756,39062.97420819511,43945.8459842195,nr1,-29454.499529519868,-290235.793504413,-260781.2939748931,0.12269504769893493
526,w159872746,394.377677144669,mfh,38102.078671796575,42335.64296866286,47627.59833974572,r1,-34159.71274587926,-185600.69419214933,-151440.98144627007,0.12269994340301416
527,w159872748,575.8923149108887,trade,55523.94284621039,61693.269829122655,69404.92855776298,nr2,-42822.95010968251,-98208.6711461048,-55385.721036422285,0.11294824484434664
528,w159872750,127.08080641776323,mfh,15813.818870417876,17570.90985601986,19767.273588022344,r1,-14177.586338057085,-108188.03088233067,-94010.44454427359,0.12269994340301416
529,w159872753,434.5401292324066,other,25734.586514194,28593.98501577111,32168.2331427425,nr1,-21560.60912580068,-223934.22466902348,-202373.61554322278,0.12269504769893493
530,w159872756,252.43327465518377,mfh,32193.589512101265,35770.65501344585,40241.98689012658,r1,-28862.5662516978,-186409.0691096336,-157546.5028579358,0.12269994340301416
531,w159872759,257.3853570877574,mfh,31992.727876021014,35547.47541780113,39990.90984502627,r1,-28682.487473076006,-196556.55378245693,-167874.06630938093,0.12269994340301416
532,w159872763,1345.7076428122818,trade,70202.27663473683,78002.52959415203,87752.84579342103,nr2,-54143.64390947876,-449338.6643242345,-395195.02041475574,0.11294824484434664
533,w159872767,364.5254709209315,mfh,40683.024123107185,45203.36013678576,50853.78015388398,r1,-36473.6115751002,-192736.078229702,-156262.4666546018,0.12269994340301416
534,w159872769,563.4171857964247,other,34660.12650345205,38511.25167050227,43325.15812931506,nr1,-29038.48637239856,-276211.16920309095,-247172.68283069239,0.12269504769893493
535,w159872774,2747.8572637828997,other,118913.15909633858,132125.7323292651,148641.44887042322,nr2,-91712.00779943891,-850640.9096755144,-758928.9018760755,0.11294824484434664
536,w159872776,80.53474041707815,sfh,12308.027462520942,13675.586069467714,15385.034328151178,r1,-11034.534000354162,-92924.16688824106,-81889.6328878869,0.12269994340301416
537,w159872779,530.1892838459462,trade,41591.04775372629,46212.275281918104,51988.80969215786,nr1,-34845.258666037225,-308189.61374531465,-273344.3550792774,0.12269504769893493
538,w159872782,386.9254036822822,mfh,34721.102201673304,38579.00244630367,43401.37775209163,r1,-31128.560928288876,-159570.8588517349,-128442.29792344602,0.12269994340301416
539,w159872787,649.6997715241275,sfh,70631.82096414319,78479.80107127021,88289.77620517898,r2,-58290.94120043738,-337528.3676058916,-279237.4264054542,0.11294824484434664
540,w159872789,103.62989482581615,mfh,12239.60946252805,13599.56606947561,15299.51182816006,r1,-10973.195109987146,-83973.4064076543,-73000.21129766715,0.12269994340301416
541,w159872791,7102.280937734339,other,340782.0633145294,378646.7370161438,425977.57914316177,nr2,-262828.8364897483,-1963189.5998850167,-1700360.7633952685,0.11294824484434664
542,w159872796,295.65545302389654,other,15107.316484111449,16785.907204568277,18884.14560513931,nr1,-12657.011041309674,-144747.9752443626,-132090.96420305292,0.12269504769893493
543,w159872797,3172.659030787088,other,124045.28287231294,137828.0920803477,155056.60359039117,nr2,-95670.16835413851,-937575.9486027664,-841905.7802486279,0.11294824484434664
544,w159872802,393.79842739673325,mfh,53157.31133284165,59063.679258712946,66446.63916605206,r2,-43869.59966456253,-100604.24827373867,-56734.64860917615,0.11294824484434664
545,w159872803,375.97314485982065,mfh,40894.17879425263,45437.976438058475,51117.723492815785,r1,-36662.9183836187,-220013.99980242562,-183351.08141880692,0.12269994340301416
546,w159872804,664.4021281981841,mfh,65778.89798033336,73087.66442259263,82223.6224754167,r2,-54285.92696693607,-320639.9742990779,-266354.0473321418,0.11294824484434664
547,w159872808,295.65545226749964,other,15818.74700894492,17576.385565494355,19773.43376118115,nr1,-13253.052304985598,-138233.5341146717,-124980.4818096861,0.12269504769893493
548,w159872809,678.8678823016584,other,34528.37101570987,38364.856684122075,43160.46376963733,nr1,-28928.100741379338,-290920.5042399624,-261992.40349858304,0.12269504769893493
549,w159872812,337.05531151816245,mfh,38044.21435381275,42271.34928201416,47555.267942265935,r1,-34107.83556359767,-203244.22022283621,-169136.38465923854,0.12269994340301416
550,w159872814,765.4437305399682,mfh,75391.87270342481,83768.7474482498,94239.84087928101,r2,-62219.31076896886,-348224.32751256175,-286005.0167435929,0.11294824484434664
551,w159872815,1229.117813373683,mfh,150246.33228938514,166940.36921042795,187807.91536173143,r2,-123995.10590995516,-741717.1560308158,-617722.0501208606,0.11294824484434664
552,w159872820,336.8380303993821,mfh,39006.76992622275,43340.85547358083,48758.46240777843,r1,-34970.796929529904,-213602.28433168956,-178631.48740215966,0.12269994340301416
553,w159872826,1791.1392054180615,th,181594.43625617475,201771.59584019418,226993.04532021843,r2,-149866.0300929941,-815344.3062368596,-665478.2761438655,0.11294824484434664
554,w159872827,157.03123329076917,th,21923.44558647294,24359.383984969932,27404.306983091174,r1,-19655.058982075167,-136767.31683348937,-117112.25785141421,0.12269994340301416
555,w159872832,35.670331929810345,sfh,4614.786584903624,5127.540649892916,5768.48323112953,r0,-5076.775976001162,-48716.53083184741,-43639.75485584625,0.15056193928492131
556,w159872833,162.84196072258055,mfh,21250.176617647467,23611.30735294163,26562.720772059332,r1,-19051.452161200683,-43689.86810583887,-24638.415944638185,0.12269994340301416
557,w159872834,33.79703346360475,sfh,4557.6357583757635,5064.039731528626,5697.044697969704,r0,-5013.903741762985,-11498.167767972975,-6484.264026209989,0.15056193928492131
558,w159872835,42.916394099872555,th,6612.325558072816,7347.028397858685,8265.40694759102,r1,-5928.157977722027,-46796.78959783466,-40868.63162011263,0.12269994340301416
559,w159872839,58.88304680213332,other,5207.764248147631,5786.404720164035,6509.705310184539,nr1,-4363.0998039040005,-60893.36818663762,-56530.26838273362,0.12269504769893493
560,w159872840,318.65718863122163,other,26614.504461671324,29571.67162407925,33268.130577089156,nr1,-22297.810281835256,-205539.65208204495,-183241.8418002097,0.12269504769893493
561,w159872842,48.8293092939537,other,2383.9430893684703,2648.8256548538557,2979.9288617105876,nr0,-2449.005567567559,-26766.64247293292,-24317.63690536536,0.15044476876729218
562,w159872843,143.51003436879253,mfh,16507.722777787814,18341.914197542017,20634.653472234768,r1,-14799.693030796288,-114387.04747596999,-99587.3544451737,0.12269994340301416
563,w159872845,162.83680398128925,mfh,22625.258566183376,25139.176184648197,28281.57320772922,r1,-20284.256407096073,-139327.0016707618,-119042.74526366571,0.12269994340301416
564,w159872848,156.42925329236314,mfh,19961.24581334513,22179.16201482792,24951.55726668141,r1,-17895.885127613255,-124899.5462795894,-107003.66115197615,0.12269994340301416
565,w159872851,167.48750086340587,mfh,18119.59275660289,20132.880840669877,22649.490945753612,r1,-16244.785198452379,-118651.50386203684,-102406.71866358447,0.12269994340301416
566,w159872853,143.46053532976657,th,17545.250951113143,19494.723279014604,21931.563688891427,r1,-15729.869693120601,-103016.23016055775,-87286.36046743715,0.12269994340301416
567,w159872855,384.2727038262412,other,36167.2957484589,40185.88416495433,45209.11968557362,nr1,-30301.202871072357,-267627.4464172274,-237326.24354615502,0.12269504769893493
568,w159872857,315.41669200100006,mfh,33121.681383552765,36801.86820394752,41402.101729440954,r1,-29694.62982501764,-184948.74603854894,-155254.1162135313,0.12269994340301416
569,w159872858,136.24142913175746,other,12822.915841105581,14247.68426789509,16028.644801381975,nr1,-10743.124866242839,-134691.75356326226,-123948.62869701942,0.12269504769893493
570,w159872860,131.01957194106652,other,10367.158774658756,11519.065305176395,12958.948468323444,nr1,-8685.675130713593,-19919.426625427233,-11233.75149471364,0.12269504769893493
571,w159872862,156.42902136784977,mfh,19868.821167730195,22076.46796414466,24836.026459662742,r1,-17813.023523866086,-106739.56531103543,-88926.54178716935,0.12269994340301416
572,w159872865,158.90607472276315,mfh,20611.82141344012,22902.023792711243,25764.77676680015,r1,-18479.14662917466,-116671.6115937661,-98192.46496459143,0.12269994340301416
573,w159872867,192.56274920739233,mfh,23336.185836626755,25929.095374029726,29170.232295783444,r1,-20921.625080620266,-129107.11099837422,-108185.48591775395,0.12269994340301416
574,w159872868,54.98272090442479,other,4224.644532284528,4694.049480316143,5280.8056653556605,nr0,-4339.943359679556,-45039.934882916314,-40699.99152323676,0.15044476876729218
575,w159872870,315.09365436807275,mfh,31898.453859637608,35442.72651070845,39873.06732454701,r1,-28597.967850228197,-178424.37121820467,-149826.40336797648,0.12269994340301416
576,w159872874,56.548262861557305,th,8002.136153302619,8891.262392558465,10002.670191628273,r1,-7174.166918944732,-73994.37721853958,-66820.21029959485,0.12269994340301416
577,w159872876,86.08918008172186,other,7937.68920269375,8819.654669659722,9922.111503367187,nr1,-6650.249234312538,-79161.42554916523,-72511.1763148527,0.12269504769893493
578,w159872878,413.8979488207959,mfh,50162.43549113898,55736.03943459887,62703.04436392373,r2,-41397.99226143576,-256749.24372945493,-215351.25146801918,0.11294824484434664
579,w159872879,205.3686287334189,mfh,24818.81423974411,27576.460266382346,31023.51779968014,r1,-22250.848107941853,-153495.63585295697,-131244.7877450151,0.12269994340301416
580,w159872883,329.8948070596903,th,39156.71300747444,43507.45889719382,48945.89125934305,r1,-35105.225621148275,-236689.40990085108,-201584.1842797028,0.12269994340301416
581,w159872884,900.053558271192,other,37872.08761787173,42080.09735319081,47340.10952233966,nr1,-31729.48892948562,-358321.9387213082,-326592.4497918226,0.12269504769893493
582,w159872887,1008.3728146322071,other,88468.71063231266,98298.56736923629,110585.88829039082,nr2,-68231.66705161385,-555487.9731619552,-487256.3061103414,0.11294824484434664
583,w159872892,458.9937253634445,other,39669.41168931071,44077.124099234126,49586.76461163839,nr1,-33235.29908716253,-322883.4663395212,-289648.1672523587,0.12269504769893493
584,w159872895,353.7920229201671,th,49235.28637872616,54705.87375414018,61544.1079734077,r1,-44140.98385932194,-252389.34775507404,-208248.3638957521,0.12269994340301416
585,w159872899,2008.66189844124,other,88487.55428171338,98319.5047574593,110609.44285214173,nr2,-68246.20025327078,-637271.7660547845,-569025.5658015137,0.11294824484434664
587,w160025355,131.5437356668757,ab,17624.515829497526,19582.795366108363,22030.644786871908,r1,-15800.933151357904,-155622.76796160013,-139821.83481024223,0.12269994340301416
588,w160025360,102.43726858533918,mfh,13880.324761630816,15422.583068478685,17350.40595203852,r1,-12444.14801515255,-84996.55149847298,-72552.40348332044,0.12269994340301416
589,w160025362,106.2412323884666,mfh,14519.466568419666,16132.740631577406,18149.333210524583,r1,-13017.158761150253,-93353.6750996507,-80336.51633850046,0.12269994340301416
590,w160025367,104.2175793532282,mfh,13913.980476902727,15459.978307669697,17392.475596128406,r1,-12474.321423166548,-80004.92912176643,-67530.60769859988,0.12269994340301416
591,w160025369,103.97346241511406,mfh,14192.049603597156,15768.94400399684,17740.06200449644,r1,-12723.619147135874,-87057.34818974561,-74333.72904260973,0.12269994340301416
592,w160025373,103.9182820610702,mfh,13728.314518954916,15253.682798838796,17160.393148693645,r1,-12307.866048255984,-81682.45786038447,-69374.59181212849,0.12269994340301416
593,w160025375,104.46434533819556,mfh,14961.913647517551,16624.348497241725,18702.392059396938,r1,-13413.826493045535,-30761.34592350318,-17347.519430457643,0.12269994340301416
594,w160025376,101.26918978765606,other,6773.17949104388,7525.754990048756,8466.47436380485,nr1,-5674.615190134928,-64366.101319905676,-58691.48612977075,0.12269504769893493
595,w160025380,128.15635424628857,th,16592.52625437241,18436.14028263601,20740.65781796551,r1,-14875.722016640724,-114863.84552262821,-99988.12350598749,0.12269994340301416
596,w160025381,64.08582323277369,th,7962.423797578265,8847.137552864739,9953.02974697283,r1,-7138.563542139724,-76305.2363667312,-69166.67282459149,0.12269994340301416
597,w160025384,125.48521707579494,mfh,15331.494085933798,17034.99342881533,19164.367607417247,r1,-13745.166988180777,-100009.5510392792,-86264.38405109843,0.12269994340301416
598,w160025385,125.6767025694251,mfh,15849.621861964533,17610.69095773837,19812.027327455664,r1,-14209.684846834305,-83767.53852445183,-69557.85367761752,0.12269994340301416
599,w160025388,125.67682776004075,mfh,14982.27168114991,16646.968534611013,18727.839601437387,r1,-13432.078110941307,-80607.78367928352,-67175.70556834221,0.12269994340301416
600,w160025389,125.54291224256157,mfh,14189.804126040162,15766.449028933514,17737.2551575502,r1,-12721.606005832353,-89802.63980667385,-77081.0338008415,0.12269994340301416
601,w160025392,101.23846836648882,other,7981.993556521098,8868.881729467887,9977.491945651373,nr1,-6687.36771899912,-80125.48031724374,-73438.11259824462,0.12269504769893493
602,w160025393,241.441205301648,mfh,33411.07222033336,37123.413578148175,41763.8402754167,r1,-29954.077818416277,-68692.38617851179,-38738.308360095514,0.12269994340301416
603,w160025394,520.9474028991534,mfh,57377.99005576479,63753.3222841831,71722.48756970599,r2,-47352.83614219415,-291598.53262557904,-244245.69648338488,0.11294824484434664
604,w160025395,521.0290527088567,mfh,56753.422685431826,63059.358539368695,70941.77835678977,r2,-46837.3939609955,-274574.240978323,-227736.8470173275,0.11294824484434664
605,w160025396,362.18757194392384,mfh,38488.857471728974,42765.39719080997,48111.071839661214,r1,-34506.472113411255,-208969.4322360566,-174462.96012264534,0.12269994340301416
606,w160025398,216.67090053744613,mfh,28535.51589355055,31706.128770611722,35669.394866938186,r1,-25582.988119246278,-163147.2361156157,-137564.24799636943,0.12269994340301416
607,w160025399,277.5212213275954,mfh,29437.242246035268,32708.046940039185,36796.55280754408,r1,-26391.41417498973,-169247.7531159849,-142856.33894099516,0.12269994340301416
608,w160025402,488.75319887734946,mfh,59980.4862443172,66644.984715908,74975.6078053965,r2,-49500.6209540608,-331288.7532992759,-281788.13234521507,0.11294824484434664
609,w160025403,118.93753181435167,th,13423.126631927988,14914.585146586653,16778.908289909985,r1,-12034.255502118549,-85545.73218216481,-73511.47668004625,0.12269994340301416
610,w160025405,118.80893169231713,mfh,11326.067026199848,12584.51891799983,14157.583782749809,r1,-10154.175563181128,-62100.183735509025,-51946.0081723279,0.12269994340301416
611,w160025406,118.8714888818562,mfh,12237.044453763185,13596.716059736871,15296.30556720398,r1,-10970.895498898914,-63232.980906149125,-52262.08540725021,0.12269994340301416
612,w160025409,118.87152101863175,mfh,13488.397040242864,14987.107822492071,16860.496300303577,r1,-12092.772477479602,-84346.70221935923,-72253.92974187962,0.12269994340301416
613,w160025412,678.325670054555,mfh,77217.09223240738,85796.76914711931,96521.36529050922,r2,-63725.62566768604,-146139.21063998283,-82413.58497229678,0.11294824484434664
614,w160025415,1309.668819526094,mfh,132755.77007156852,147506.41119063168,165944.71258946063,r2,-109560.5165154821,-633050.1425406386,-523489.62602515647,0.11294824484434664
615,w160025422,678.3786613484378,mfh,94577.26586173777,105085.85095748641,118221.58232717222,r2,-78052.60813031293,-178994.65750306257,-100942.04937274964,0.11294824484434664
616,w160025427,555.729584345687,mfh,61711.37015528485,68568.1890614276,77139.21269410606,r2,-50929.08267148159,-294624.29017155676,-243695.20750007516,0.11294824484434664
617,w160025428,926.2977557130158,mfh,99484.81995793965,110538.68884215516,124356.02494742455,r2,-82102.70826018063,-487595.47067973524,-405492.76241955464,0.11294824484434664
618,w160025434,188.0208901744336,mfh,25159.946357121215,27955.495952356905,31449.932946401517,r1,-22556.683787889182,-145364.66366820582,-122807.97988031663,0.12269994340301416
619,w160025437,385.6369404070079,mfh,43660.1681827959,48511.29798088433,54575.21022849487,r1,-39142.71492660172,-224539.57595799866,-185396.86103139695,0.12269994340301416
620,w160025438,514.208815998584,mfh,48411.109996409956,53790.122218233286,60513.88749551244,r1,-43402.083792625606,-236732.2433697556,-193330.15957713,0.12269994340301416
621,w160025439,231.99735509790483,mfh,24501.3831940487,27223.759104498553,30626.728992560875,r1,-21966.26118471958,-148716.87636157832,-126750.61517685874,0.12269994340301416
622,w160025441,239.19352681115268,mfh,26003.117075743867,28892.352306382072,32503.896344679833,r1,-23312.612874907893,-143503.52748591625,-120190.91461100835,0.12269994340301416
623,w160025442,172.3065145563334,mfh,23195.903409800623,25773.22601088958,28994.87926225078,r1,-20795.857469751765,-134304.23603360754,-113508.37856385577,0.12269994340301416
624,w160025445,358.2598954875022,mfh,43086.849428931426,47874.27714325714,53858.56178616428,r1,-38628.7166192513,-88585.55872344335,-49956.842104192045,0.12269994340301416
625,w160025446,282.03160609211767,mfh,30212.893681129113,33569.881867921235,37766.117101411386,r1,-27086.81009923749,-176868.84349581538,-149782.0333965779,0.12269994340301416
626,w160025449,101.22717582844196,mfh,14661.627262097583,16290.696957886203,18327.03407762198,r1,-13144.610297367544,-100609.7560992918,-87465.14580192426,0.12269994340301416
627,w160025451,187.46145662125198,mfh,21785.19273885739,24205.769709841545,27231.490923571735,r1,-19531.11095284749,-131373.66566427978,-111842.55471143228,0.12269994340301416
628,w160025452,105.00601281486452,mfh,13806.737575039202,15340.819527821335,17258.421968799,r1,-12378.174786305912,-88682.81349429976,-76304.63870799384,0.12269994340301416
629,w160025453,104.94913844838739,mfh,13094.97942803595,14549.977142262165,16368.724285044937,r1,-11740.061205794951,-91943.02131085523,-80202.96010506028,0.12269994340301416
630,w160025454,86.96602670811116,mfh,9575.657441565672,10639.619379517413,11969.57180195709,r1,-8584.878278542514,-88160.39130935434,-79575.51303081182,0.12269994340301416
631,w160025455,154.7314723036252,mfh,16787.069145962763,18652.29905106974,20983.836432453452,r1,-15050.135841952528,-99676.63624562728,-84626.50040367476,0.12269994340301416
632,w160025456,108.55606309622526,mfh,12484.573466137797,13871.748295708663,15605.716832672246,r1,-11192.813049167551,-72948.92461044222,-61756.111561274665,0.12269994340301416
633,w160025457,103.20248084068298,mfh,13586.993170209576,15096.65907801064,16983.74146276197,r1,-12181.167011188107,-86421.56870530486,-74240.40169411675,0.12269994340301416
634,w160025458,101.69107806179672,mfh,12196.57737946471,13551.752643849677,15245.721724330888,r1,-10934.615493138353,-84576.39457358595,-73641.7790804476,0.12269994340301416
635,w160025459,108.44199563004076,mfh,14338.47498082514,15931.638867583488,17923.093726031424,r1,-12854.894106381535,-92139.48296511518,-79284.58885873365,0.12269994340301416
636,w160025462,124.9876569705084,mfh,15694.282142598575,17438.09126955397,19617.85267824822,r1,-14070.417899293869,-101384.85591365509,-87314.43801436122,0.12269994340301416
637,w160025465,154.81539766397327,mfh,15742.914542529126,17492.127269476805,19678.64317816141,r1,-14114.018376477286,-82099.11109054986,-67985.09271407258,0.12269994340301416
638,w160025467,105.14285953305661,mfh,14630.9379448508,16256.59771650089,18288.6724310635,r1,-13117.096358546845,-168778.85034472574,-155661.7539861789,0.12269994340301416
639,w160025469,108.37528205253183,mfh,14105.360836842312,15672.623152047014,17631.701046052887,r1,-12645.899939316594,-88086.9285082679,-75441.0285689513,0.12269994340301416
640,w160025471,48.55004379618913,sfh,7011.620996202051,7790.689995780057,8764.526245252564,r1,-6286.138905343463,-54722.61729328092,-48436.47838793746,0.12269994340301416
641,w160025472,101.69099241122603,mfh,12883.028420170645,14314.476022411827,16103.785525213307,r1,-11550.040456343357,-74043.13009605467,-62493.08963971131,0.12269994340301416
642,w160025474,105.6897082787007,mfh,15083.832983159318,16759.814425732577,18854.791228949147,r1,-13523.131014711276,-97260.91549616226,-83737.78448145097,0.12269994340301416
643,w160025476,96.35599186792969,mfh,11169.12264222272,12410.136269136354,13961.403302778399,r1,-10013.46998331191,-71231.25860999238,-61217.78862668047,0.12269994340301416
644,w160025477,108.4367577029392,mfh,12022.655631356789,13358.506257063098,15028.319539195985,r1,-10778.689171983979,-72551.68035655965,-61772.99118457567,0.12269994340301416
645,w160025481,105.0061043202877,mfh,12835.176563821431,14261.307293134923,16043.970704776788,r1,-11507.13976104727,-74217.58530628016,-62710.44554523289,0.12269994340301416
646,w160025482,103.2132654029876,mfh,13553.350696497602,15059.278551664001,16941.688370622003,r1,-12151.005474649355,-90534.72984333556,-78383.7243686862,0.12269994340301416
647,w160025484,85.67644045613706,mfh,9811.109127622396,10901.232364024885,12263.886409527995,r1,-8795.968125648,-59953.569144308596,-51157.6010186606,0.12269994340301416
648,w160025486,101.26240085978061,mfh,13894.714594537041,15438.571771707822,17368.3932431713,r1,-12457.048953255478,-161219.0214969717,-148761.9725437162,0.12269994340301416
649,w160025487,105.13472320698202,mfh,14693.29472696147,16325.88302995719,18366.618408701837,r1,-13173.001176312986,-170191.08909700904,-157018.08792069607,0.12269994340301416
650,w160025490,87.12732640933245,mfh,10489.207606166805,11654.675117963116,13111.509507708506,r1,-9403.90475398845,-73626.55355207121,-64222.648798082766,0.12269994340301416
651,w160025492,101.576605540514,mfh,14253.451997139548,15837.168885710607,17816.814996424433,r1,-12778.668325512333,-87065.11719192192,-74286.44886640958,0.12269994340301416
652,w160025494,105.68961535468698,mfh,14338.631852043774,15931.813168937526,17923.289815054715,r1,-12855.034746366371,-89108.81756368239,-76253.78281731601,0.12269994340301416
653,w160025496,100.3227494932711,mfh,14222.553838280608,15802.837598089563,17778.192297850757,r1,-12750.967153613301,-88818.62813181482,-76067.66097820153,0.12269994340301416
654,w160025498,53.38166442215442,th,7624.792624510224,8471.991805011361,9530.99078063778,r1,-6835.866568953439,-62698.77555810863,-55862.90898915519,0.12269994340301416
655,w160025500,108.55102695096282,mfh,12260.944950569832,13623.272167299812,15326.18118821229,r1,-10992.323046525158,-69610.58826188823,-58618.26521536308,0.12269994340301416
656,w160025504,103.15687311664223,mfh,13222.885516506492,14692.095018340548,16528.606895633115,r1,-11854.73303979746,-75555.81751657568,-63701.084476778226,0.12269994340301416
657,w160025505,103.09466042611747,mfh,14739.718646436404,16377.465162707114,18424.648308045504,r1,-13214.621681258699,-96111.94014621415,-82897.31846495546,0.12269994340301416
658,w160025507,85.83866344131528,mfh,12058.024918267838,13397.805464742041,15072.531147834798,r1,-10810.39885090505,-83023.3281759888,-72212.92932508375,0.12269994340301416
659,w160025509,108.27769679883495,mfh,14830.800787334942,16478.667541483268,18538.500984168677,r1,-13296.279687273915,-100294.77018348813,-86998.49049621422,0.12269994340301416
660,w160025513,105.03020258601755,mfh,12963.626347214526,14404.029274682805,16204.532934018156,r1,-11622.299034659984,-75202.25072567708,-63579.95169101709,0.12269994340301416
661,w160025515,104.96566433478147,mfh,13140.36958301904,14600.410647798933,16425.4619787738,r1,-11780.754908337249,-74662.83502261787,-62882.08011428062,0.12269994340301416
662,w160025517,88.34591375924647,mfh,11875.13687348898,13194.596526098867,14843.921091861224,r1,-10646.433962581892,-78832.89822228094,-68186.46425969905,0.12269994340301416
663,w160032048,197.876624872908,mfh,21714.37025088489,24127.07805653877,27142.96281360611,r1,-19467.616363328423,-133770.18647666185,-114302.57011333344,0.12269994340301416
664,w160032049,177.6117346536368,mfh,20417.383563301955,22685.981737002174,25521.729454127442,r1,-18304.826976830802,-99747.34597075309,-81442.51899392228,0.12269994340301416
665,w160032050,605.1206229591743,mfh,62199.447777608264,69110.49753067584,77749.30972201032,r2,-51331.882763504516,-290794.71526712726,-239462.83250362275,0.11294824484434664
666,w160032051,604.9254235289991,mfh,64960.666853840026,72178.51872648891,81200.83356730003,r2,-53610.65820235185,-310919.9453885393,-257309.28718618743,0.11294824484434664
667,w160032052,558.9287057133391,mfh,59324.275892434736,65915.86210270526,74155.34486554342,r2,-48959.06449247505,-294536.874678679,-245577.81018620392,0.11294824484434664
668,w160032053,914.9869650162756,mfh,90242.13889731705,100269.04321924117,112802.67362164632,r2,-74474.9199505368,-396624.58447561756,-322149.66452508076,0.11294824484434664
669,w160032054,558.7663555394857,mfh,61379.34649077842,68199.27387864269,76724.18311347302,r2,-50655.07059532795,-298752.53955731075,-248097.4689619828,0.11294824484434664
670,w160032055,915.1860893286764,mfh,90048.27508091262,100053.63897879179,112560.34385114076,r2,-74314.92826168226,-376114.65133290907,-301799.7230712268,0.11294824484434664
671,w160032056,579.5610938113182,mfh,57225.10528737049,63583.450319300544,71531.3816092131,r2,-47226.66359102293,-251658.33894552206,-204431.67535449914,0.11294824484434664
672,w160032057,200.20428540538998,mfh,26138.0481762985,29042.275751442776,32672.560220373125,r1,-23433.5828533475,-137282.9008450003,-113849.31799165279,0.12269994340301416
673,w160032058,579.3688813976943,mfh,58708.18437224146,65231.31596915718,73385.23046530182,r2,-48450.617250319054,-277650.47769722575,-229199.8604469067,0.11294824484434664
674,w160032059,915.3225905947387,mfh,93253.3767390266,103614.86304336289,116566.72092378324,r2,-76960.03056464274,-176489.09680692083,-99529.06624227809,0.11294824484434664
675,w160032060,914.9022733874618,mfh,89766.36624489725,99740.40693877471,112207.95780612156,r2,-74082.27488874434,-392271.85332000034,-318189.578431256,0.11294824484434664
676,w160032061,579.3338931981474,mfh,54750.72785879124,60834.1420653236,68438.40982348904,r2,-45184.61246975532,-230232.26397487166,-185047.65150511634,0.11294824484434664
677,w160032062,579.3681231357157,mfh,59959.74157713597,66621.93508570663,74949.67697141995,r2,-49483.50082097662,-287444.2580162974,-237960.7571953208,0.11294824484434664
678,w160032063,157.0142166607082,mfh,20349.676816791725,22610.752018657473,25437.096020989655,r1,-18244.12574759683,-123232.80619963436,-104988.68045203753,0.12269994340301416
679,w160032064,245.02896427586674,mfh,30090.36093256376,33433.73436951529,37612.9511657047,r1,-26976.95563357933,-164245.24735880218,-137268.29172522284,0.12269994340301416
680,w160032065,177.6155174203217,mfh,23965.034323368192,26627.815914853545,29956.29290421024,r1,-21485.40754122573,-143114.7098834072,-121629.30234218147,0.12269994340301416
681,w160032066,915.0334876678884,mfh,118200.44172177558,131333.8241353062,147750.55215221946,r2,-97548.31327040991,-223703.31167777302,-126154.9984073631,0.11294824484434664
682,w160032067,914.9023430630565,mfh,89254.57100073213,99171.74555636903,111568.21375091517,r2,-73659.90114731927,-376916.3258733841,-303256.4247260648,0.11294824484434664
683,w160032068,579.4084268193692,mfh,55480.60045362472,61645.11161513858,69350.75056703089,r2,-45786.960815423015,-243631.39873317946,-197844.43791775644,0.11294824484434664
684,w160032069,582.2339869499207,mfh,55593.70676974811,61770.78529972012,69492.13346218513,r2,-45880.3050550667,-242781.35220967248,-196901.04715460577,0.11294824484434664
685,w160032070,819.5696807135828,mfh,72264.96396719199,80294.4044079911,90331.20495898998,r2,-59638.73942315275,-301454.19578564464,-241815.45636249188,0.11294824484434664
686,w160032071,187.63290931591763,mfh,20802.813745964246,23114.237495515827,26003.517182455307,r1,-18650.37726653405,-123144.93019218385,-104494.5529256498,0.12269994340301416
687,w160032072,300.05888833065984,mfh,31216.02457816114,34684.47175351238,39020.03072270143,r1,-27986.1485207524,-157972.44852894393,-129986.30000819154,0.12269994340301416
688,w160032074,652.9879129000007,mfh,66153.02603622066,73503.3622624674,82691.28254527583,r2,-54594.68690274788,-307301.2798311593,-252706.59292841138,0.11294824484434664
689,w160032075,187.48918503960593,mfh,21962.620692802702,24402.91188089189,27453.275866003376,r1,-19690.180697888653,-130880.84737518735,-111190.6666772987,0.12269994340301416
690,w160032079,410.4375718038529,mfh,48159.71784870336,53510.7976096704,60199.6473108792,r1,-43176.70281994436,-251317.0761000541,-208140.37328010975,0.12269994340301416
691,w160032080,367.35827468354256,mfh,38396.09690025923,42662.32988917692,47995.12112532404,r1,-34423.309341562395,-203996.38466840496,-169573.07532684258,0.12269994340301416
692,w160032082,146.62608959153295,mfh,19682.91444967663,21869.904944085145,24603.643062095787,r1,-17646.352299943082,-119009.56845800689,-101363.2161580638,0.12269994340301416
693,w160032083,292.00384606306903,mfh,30356.294751804937,33729.21639089438,37945.36843975617,r1,-27215.37367247277,-155300.12992400737,-128084.75625153459,0.12269994340301416
694,w160032087,547.5336022242903,mfh,62538.37887480097,69487.08763866774,78172.9735935012,r2,-51611.595397099074,-118358.6309616551,-66747.03556455602,0.11294824484434664
695,w160032089,324.3052944285795,mfh,37043.39937474883,41159.332638609805,46304.24921843603,r1,-33210.573435431885,-213279.1071272127,-180068.53369178082,0.12269994340301416
696,w160032093,651.9691053661052,mfh,69425.58633884539,77139.54037649487,86781.98292355673,r2,-57295.46139179899,-321624.72833068797,-264329.266938889,0.11294824484434664
697,w160032096,417.5862662355881,mfh,47772.24314631705,53080.270162574496,59715.30393289631,r1,-42829.31955395974,-253417.95792113055,-210588.63836717082,0.12269994340301416
698,w160032097,110.95009341016411,th,13759.0120185331,15287.791131703443,17198.765023166372,r1,-12335.387322794311,-28288.20819574496,-15952.820872950648,0.12269994340301416
699,w160032099,154.26596265360712,mfh,20326.788177075243,22585.32019675027,25408.485221344054,r1,-18223.605361698887,-109930.0980523955,-91706.49269069661,0.12269994340301416
700,w160032101,417.4909567882307,mfh,45502.81094885761,50558.678832064004,56878.51368607201,r1,-40794.7021613174,-243324.4557150429,-202529.7535537255,0.12269994340301416
701,w160032104,55.475724012404676,th,7837.242904601982,8708.047671779981,9796.553630752478,r1,-7026.334931670036,-87706.75785286701,-80680.42292119698,0.12269994340301416
702,w160032105,152.98637234792113,mfh,20233.27397847441,22481.415531638235,25291.592473093013,r1,-18139.766939407506,-130232.89401108735,-112093.12707167985,0.12269994340301416
703,w160032106,115.7174410201609,mfh,14262.863427287717,15847.626030319685,17828.579284109645,r1,-12787.105968853493,-95428.59540746616,-82641.48943861267,0.12269994340301416
704,w160032107,169.80155310891567,th,20321.653250823896,22579.614723137664,25402.06656352987,r1,-18219.001738698993,-143176.67770084602,-124957.67596214703,0.12269994340301416
705,w160032108,125.84912734059617,mfh,17145.151994323445,19050.168882581605,21431.439992904307,r1,-15371.168385730285,-106163.7290187259,-90792.56063299562,0.12269994340301416
706,w160032109,117.1162128248019,mfh,12209.385749642444,13565.984166269382,15261.732187053054,r1,-10946.098600130576,-85087.07661355152,-74140.97801342094,0.12269994340301416
707,w160032110,214.96215275530702,mfh,27816.04986567669,30906.7220729741,34770.06233209586,r1,-24937.964180938634,-160464.2770120554,-135526.31283111675,0.12269994340301416
708,w160032111,253.8681676615961,th,30746.360221797626,34162.62246866403,38432.95027724703,r1,-27565.07964315776,-63213.80038363472,-35648.72074047696,0.12269994340301416
709,w160032112,125.84912488418631,th,14803.93601640072,16448.8177960008,18504.920020500896,r1,-13272.194574595374,-30436.54759399492,-17164.353019399547,0.12269994340301416
710,w160032113,105.45346036842092,mfh,12337.808286327028,13708.675873696699,15422.260357908784,r1,-11061.23344621155,-87088.76862296155,-76027.53517675,0.12269994340301416
711,w160032114,381.28189064939505,mfh,38737.99867224108,43042.22074693454,48422.498340301354,r1,-34729.835041086815,-196411.0276056281,-161681.1925645413,0.12269994340301416
712,w160032115,139.91205219514669,mfh,18473.438631311186,20526.042923679095,23091.79828913898,r1,-16562.019161997177,-107916.57567113198,-91354.55650913481,0.12269994340301416
713,w160032116,192.1807412372902,mfh,25516.42702884068,28351.585587600755,31895.533786050848,r1,-22876.279929881526,-52461.17956951493,-29584.8996396334,0.12269994340301416
714,w160032117,302.6253065098543,mfh,37616.176925917396,41795.75213990822,47020.22115739674,r1,-33724.08653753173,-194022.5960698422,-160298.50953231048,0.12269994340301416
715,w160032118,188.54685349911452,mfh,24180.658165875848,26867.397962084273,30225.822707344807,r1,-21678.721102532203,-146753.2648716149,-125074.5437690827,0.12269994340301416
716,w160032119,301.6826584111899,mfh,38371.87176995086,42635.413077723184,47964.839712438574,r1,-34401.59074978441,-201890.6357603897,-167489.0450106053,0.12269994340301416
717,w160032121,128.1140758719295,mfh,15322.139746337405,17024.599718152673,19152.674682921755,r1,-13736.780528316145,-98085.52477396163,-84348.74424564549,0.12269994340301416
718,w160032123,581.2151321893092,mfh,62138.2368741613,69042.48541573477,77672.79609270162,r2,-51281.36670537451,-305443.7179718743,-254162.35126649978,0.11294824484434664
719,w160032125,297.0948597435839,mfh,32342.073164506284,35935.636849451424,40427.59145563285,r1,-28995.686519421375,-66494.54902192247,-37498.8625025011,0.12269994340301416
720,w160032126,309.52041392363606,mfh,36874.378485304376,40971.5316503382,46092.97310663047,r1,-33059.04088831788,-271524.1802226998,-238465.13933438194,0.12269994340301416
721,w160032127,228.89082276217522,mfh,29901.570854149923,33223.96761572213,37376.9635676874,r1,-26807.699386343076,-61476.93312300724,-34669.233736664166,0.12269994340301416
722,w160032128,268.14993185095955,mfh,32962.015492907565,36624.46165878618,41202.51936613445,r1,-29551.484328764374,-178544.1310161421,-148992.64668737774,0.12269994340301416
723,w160032129,100.24086796883493,mfh,14049.269677660737,15610.299641845264,17561.58709707592,r1,-12595.612449709255,-86677.8698884792,-74082.25743876994,0.12269994340301416
724,w160032130,100.1757211105898,mfh,13687.626200271967,15208.473555857741,17109.532750339957,r1,-12271.387689941344,-155774.0451032233,-143502.65741328197,0.12269994340301416
725,w160032131,100.12314690686762,mfh,13928.362418279954,15475.958242533281,17410.453022849942,r1,-12487.215286265355,-89907.0018255344,-77419.78653926904,0.12269994340301416
726,w160032132,257.78643680289383,mfh,26585.318813958474,29539.243126620528,33231.64851744809,r1,-23834.57505730934,-153387.25047673975,-129552.67541943041,0.12269994340301416
727,w160032133,136.6476590367034,mfh,17157.31349510169,19063.681661224102,21446.641868877112,r1,-15382.071553946438,-179528.19961973839,-164146.12806579194,0.12269994340301416
728,w160032134,132.71697852164507,th,16152.927360616413,17947.69706735157,20191.159200770515,r1,-14481.607772547623,-103197.84550954025,-88716.23773699263,0.12269994340301416
729,w160032135,248.90072437673805,mfh,25128.212011277486,27920.235568086096,31410.265014096858,r1,-22528.23294804031,-130577.04945995443,-108048.81651191412,0.12269994340301416
730,w160032136,230.21772875483148,mfh,22728.908704604597,25254.343005116218,28411.135880755744,r1,-20377.182018452815,-133766.68770051003,-113389.5056820572,0.12269994340301416
731,w160032137,244.7570460377261,mfh,31187.143763943743,34652.38195993749,38983.92970492967,r1,-27960.255961817977,-174668.23990360566,-146707.98394178768,0.12269994340301416
732,w160032138,345.56507694348693,mfh,45990.42087263236,51100.46763625818,57488.02609079045,r1,-41231.85980491113,-94555.23397338102,-53323.37416846989,0.12269994340301416
733,w160032139,170.051029805094,mfh,20940.328475513634,23267.031639459594,26175.41059439204,r1,-18773.66354968405,-197365.33429051,-178591.67074082597,0.12269994340301416
734,w160032140,315.20367545275946,mfh,32542.712569702333,36158.56952189148,40678.39071212791,r1,-29175.566061061036,-184598.6932645716,-155423.12720351055,0.12269994340301416
735,w160032141,252.5825279586017,mfh,24822.501807838526,27580.55756426503,31028.127259798155,r1,-22254.15412880022,-143281.61931345743,-121027.46518465721,0.12269994340301416
736,w160032142,252.46278136584442,mfh,26899.528370000906,29888.36485555656,33624.41046250113,r1,-24116.27381366524,-161854.1594796886,-137737.88566602336,0.12269994340301416
737,w160032143,236.73276664549485,mfh,29109.595465209837,32343.994961344262,36386.994331512295,r1,-26097.668523695564,-161852.88023078817,-135755.21170709262,0.12269994340301416
738,w160032144,216.15235636769793,mfh,24367.110053708886,27074.566726343204,30458.887567136106,r1,-21845.881088321057,-144725.91093176,-122880.02984343896,0.12269994340301416
739,w160032145,143.2480424195528,mfh,17273.25712215159,19192.507913501766,21591.571402689486,r1,-15486.018664781406,-106098.69901676988,-90612.68035198847,0.12269994340301416
740,w160032146,283.54050463438034,mfh,38292.019876352715,42546.68875150302,47865.024845440894,r1,-34330.00101393238,-219968.431713631,-185638.43069969863,0.12269994340301416
741,w160032147,356.2223817800637,mfh,38284.72213014303,42538.580144603366,47855.90266267879,r1,-34323.4583547677,-207455.2013206407,-173131.742965873,0.12269994340301416
742,w160032148,183.97369813346305,th,23677.647596241335,26308.49732915704,29597.059495301666,r1,-21227.756295208583,-138452.6558549873,-117224.89955977871,0.12269994340301416
743,w160032149,257.78669014479965,mfh,30833.52211089512,34259.469012105685,38541.9026386189,r1,-27643.223020048183,-174903.13542270486,-147259.9124026567,0.12269994340301416
744,w160032150,136.78365420317277,mfh,19180.265478368907,21311.406087076564,23975.331847961133,r1,-17195.711676900297,-39434.17902178745,-22238.467344887154,0.12269994340301416
745,w160032151,156.68413198292254,mfh,19151.865563831,21279.85062647889,23939.83195478875,r1,-17170.250259664277,-143476.15532820908,-126305.9050685448,0.12269994340301416
746,w160032152,65.8437272125855,th,8697.989605126299,9664.432894584776,10872.487006407873,r1,-7798.021439646257,-81075.92807301175,-73277.90663336549,0.12269994340301416
747,w160032153,131.7784823913127,mfh,14715.135120466854,16350.15013385206,18393.918900583565,r1,-13192.5817764904,-73428.07091943055,-60235.489142940154,0.12269994340301416
748,w160032155,131.65618118494749,mfh,15880.807768791048,17645.341965323387,19851.00971098881,r1,-14237.643993842788,-92268.80097489391,-78031.15698105111,0.12269994340301416
749,w160032156,597.6746075108182,mfh,63515.34831626593,70572.60924029548,79394.18539533242,r2,-52417.86752048052,-337609.32407137874,-285191.4565508982,0.11294824484434664
750,w160032157,145.99030133634804,mfh,20247.599598448745,22497.332887165274,25309.49949806093,r1,-18152.610308595977,-127048.01423531047,-108895.4039267145,0.12269994340301416
751,w160032158,192.3817300193943,mfh,23738.472633752575,26376.080704169526,29673.090792190716,r1,-21282.28785573153,-135314.2845406143,-114031.99668488276,0.12269994340301416
752,w160032159,156.72131929650496,mfh,18673.09786376678,20747.88651529642,23341.372329708473,r1,-16741.019947925277,-102676.27220058553,-85935.25225266026,0.12269994340301416
753,w160032160,462.61881872685626,other,21668.467226481967,24076.074696091073,27085.58403310246,nr1,-18153.987124204326,-168616.1622894309,-150462.1751652266,0.12269504769893493
754,w160032161,876.0951372385025,trade,41241.9061759928,45824.34019554756,51552.382719991,nr1,-34552.74551130186,-337898.7123051992,-303345.9667938973,0.12269504769893493
755,w160032162,197.75498196221892,mfh,21626.229627570196,24029.14403063355,27032.787034462744,r1,-19388.595520407813,-125547.61354782767,-106159.01802741986,0.12269994340301416
756,w160032163,355.37988740094,mfh,42932.75359752531,47703.0595528059,53665.94199690664,r1,-38490.56485641673,-223961.11234234154,-185470.54748592482,0.12269994340301416
757,w160032164,218.83437259588393,mfh,23835.216230997066,26483.57358999674,29794.02028874633,r1,-21369.02153554835,-140972.18725801786,-119603.16572246951,0.12269994340301416
758,w160032165,192.38173281145282,mfh,23740.292544133677,26378.102826815197,29675.365680167095,r1,-21283.91946266766,-210449.38059123265,-189165.461128565,0.12269994340301416
759,w160032166,8270.503770525009,other,822595.0652656173,913994.516961797,1028243.8315820217,nr2,-634428.0617446244,-1454975.3513513932,-820547.2896067688,0.11294824484434664
760,w160032167,119.51807446111924,mfh,12782.513497888493,14202.792775431659,15978.141872360615,r1,-11459.925664932403,-70426.99669437272,-58967.07102944032,0.12269994340301416
761,w160032168,107.41719602905214,th,13683.012327772101,15203.34703085789,17103.765409715124,r1,-12267.251208029185,-91792.8849060432,-79525.63369801402,0.12269994340301416
763,w160032170,37.81535124108195,sfh,3679.846432188954,4088.7182579877267,4599.808040236192,r0,-4048.2383353163495,-42934.53509194776,-38886.296756631404,0.15056193928492131
764,w160032171,82.13437312801835,th,9879.714855573471,10977.46095063719,12349.643569466838,r1,-8857.475320038033,-63464.694057456705,-54607.218737418676,0.12269994340301416
765,w160032172,100.39566505721304,th,14679.139448571295,16310.154942856994,18348.92431071412,r1,-13160.31052371601,-101261.16552664878,-88100.85500293277,0.12269994340301416
766,w160032173,149.7480967778829,mfh,13459.473188677886,14954.970209642095,16824.341485847355,r1,-12066.841334208528,-72969.70608182,-60902.86474761147,0.12269994340301416
767,w160032174,119.65868240431882,mfh,13335.408677796755,14817.120753107505,16669.260847245943,r1,-11955.613595423913,-72448.78097055972,-60493.1673751358,0.12269994340301416
768,w160032175,69.26172256879508,th,9253.057409937814,10281.174899930904,11566.321762422267,r1,-8295.657196744258,-69847.43184667049,-61551.77464992623,0.12269994340301416
769,w160032176,103.52918697646818,th,13220.923581213112,14689.915090236791,16526.15447651639,r1,-11852.974103057419,-87232.98663272316,-75380.01252966574,0.12269994340301416
770,w160032177,62.96843930834439,th,8605.592096710461,9561.768996344957,10756.990120888076,r1,-7715.18416525219,-65383.02595406533,-57667.84178881314,0.12269994340301416
771,w160032178,300.84989367914386,mfh,31784.164292936883,35315.738103263204,39730.2053661711,r1,-28495.503656555808,-190410.63846051838,-161915.13480396257,0.12269994340301416
772,w160127708,318.335366258584,mfh,38447.655915924784,42719.61768436087,48059.56989490598,r1,-34469.533621863906,-224227.29426410003,-189757.76064223613,0.12269994340301416
773,w160127710,130.057766958978,mfh,16657.585860203137,18508.42873355904,20821.98232525392,r1,-14934.05000093999,-110934.35137793436,-96000.30137699438,0.12269994340301416
774,w160127712,223.93035372253507,mfh,23303.032730704545,25892.258589671714,29128.79091338068,r1,-20891.902277707297,-136359.71475853815,-115467.81248083085,0.12269994340301416
775,w160127717,149.4986190713942,mfh,19121.44396317588,21246.048847973198,23901.804953969848,r1,-17142.976337194053,-112207.19419514612,-95064.21785795207,0.12269994340301416
776,w160127718,161.62649620659647,mfh,18596.50870109929,20662.78744566588,23245.635876374112,r1,-16672.355353043073,-118786.97359863702,-102114.61824559394,0.12269994340301416
777,w160127719,242.7560603125021,mfh,26238.013035307136,29153.34781700793,32797.516294133915,r1,-23523.204495721176,-147464.32955568875,-123941.12505996757,0.12269994340301416
778,w164087844,70.24407002975931,other,5365.781920361316,5961.979911512573,6707.227400451645,nr1,-4495.488069155087,-63542.23868621795,-59046.75061706286,0.12269504769893493
779,w164087850,176.99086085781457,other,8043.544621622429,8937.271801802699,10054.430777028036,nr1,-6738.9356140260925,-99828.72368565707,-93089.78807163097,0.12269504769893493
780,w164087857,77.59434223277493,other,5727.563962738177,6363.959958597974,7159.454953422721,nr1,-4798.591489919943,-62247.18434953186,-57448.59285961192,0.12269504769893493
786,w164088149,49.229225591477004,other,5039.181594644752,5599.0906607163915,6298.97699330594,nr1,-4221.860126493169,-62166.25212486612,-57944.39199837295,0.12269504769893493
788,w164088153,80.69597001839429,other,6299.679186507162,6999.643540563513,7874.598983133952,nr1,-5277.913460288482,-81583.57719006423,-76305.66372977574,0.12269504769893493
791,w164088159,54.065223559696456,other,4891.1012860443125,5434.556984493681,6113.87660755539,nr0,-5024.589024158522,-55522.988545820546,-50498.399521662024,0.15044476876729218
793,w164088169,56.479432658094446,other,4564.918562046604,5072.131735607338,5706.1482025582545,nr0,-4689.504134474197,-61293.11919003266,-56603.61505555846,0.15044476876729218
795,w164088175,32.08830586867407,other,2689.013641319551,2987.792934799501,3361.2670516494386,nr0,-2762.4020926612125,-36945.128569710294,-34182.72647704908,0.15044476876729218
799,w164088182,35.81288355943252,other,2844.425494527913,3160.4727716976813,3555.531868159891,nr0,-2922.0554398701406,-39661.0246984038,-36738.96925853366,0.15044476876729218
800,w359788107,586.4023264580406,other,46131.42735225166,51257.14150250184,57664.284190314575,nr1,-38649.21913583424,-331938.79409431975,-293289.5749584855,0.12269504769893493
801,w377595955,68.13203878551721,other,5642.986939550712,6269.98548838968,7053.73367443839,nr1,-4727.7322928249,-70234.67655480823,-65506.944261983335,0.12269504769893493
802,w377595956,85.03076633159071,other,6715.366282882568,7461.518092091742,8394.20785360321,nr1,-5626.178896713734,-72230.1092061893,-66603.93030947556,0.12269504769893493
805,w377595969,38.68702136902139,other,2894.4481970634965,3216.053552292774,3618.0602463293703,nr0,-2973.443359976435,-6819.19205387645,-3845.7486939000146,0.15044476876729218
814,w377595984,35.49371746703982,other,2842.0571228293043,3157.841247588116,3552.57140353663,nr0,-2919.6224306670983,-32692.0525643631,-29772.430133696,0.15044476876729218
818,w377595990,36.364706988167015,other,2887.0664934428933,3207.8516593809923,3608.8331168036166,nr0,-2965.8601951997207,-32447.812483172092,-29481.952287972374,0.15044476876729218
819,w377595993,54.98309161569923,other,4275.721820148335,4750.802022387038,5344.652275185418,nr0,-4392.414646814119,-47296.43381791136,-42904.01917109724,0.15044476876729218
823,w377596001,68.93592455182224,other,4841.4450077470965,5379.3833419412185,6051.80625968387,nr0,-4973.57752872606,-53262.10843676815,-48288.530908042085,0.15044476876729218
825,w377596004,35.535723760165276,other,2627.4802937071117,2919.4225485634574,3284.3503671338894,nr0,-2699.189379419029,-34714.87531547105,-32015.68593605202,0.15044476876729218
827,w377596008,41.66994294051546,other,3292.139683513944,3657.93298168216,4115.1746043924295,nr0,-3381.9886263608664,-41092.842000453726,-37710.85337409286,0.15044476876729218
831,w377596012,33.714099188242116,other,2924.5060348064208,3249.4511497849116,3655.6325435080257,nr0,-3004.321535009113,-36219.18043902,-33214.858904010885,0.15044476876729218
836,w377596021,41.97082374822348,other,3486.992082503251,3874.435647225834,4358.740103129064,nr0,-3582.158929128086,-38451.98919260285,-34869.83026347477,0.15044476876729218
838,w377596023,32.13139781658538,other,2489.677962862153,2766.3088476246144,3112.097453577691,nr0,-2557.6261529443173,-32903.85861959044,-30346.232466646125,0.15044476876729218
844,w377596038,30.39147779517807,other,2491.279127303833,2768.087919226481,3114.098909129791,nr0,-2559.2710163010615,-29373.039362014006,-26813.768345712946,0.15044476876729218
847,w377596043,50.74534401865676,other,3922.359042940314,4358.176714378126,4902.948803675392,nr0,-4029.4079070085877,-43137.54388218802,-39108.13597517944,0.15044476876729218
848,w377596044,31.44567816138733,other,2903.6303148557386,3226.255905395265,3629.537893569673,nr0,-2982.876075755409,-32992.72678756489,-30009.850711809482,0.15044476876729218
861,w377596072,32.00744857888203,other,2725.2585322933933,3028.065035881548,3406.5731653667413,nr0,-2799.6361777308907,-35032.76739097161,-32233.13121324072,0.15044476876729218
863,w377596074,30.798605113010854,other,2852.449386939472,3169.388207710524,3565.56173367434,nr0,-2930.2983200282724,-35565.02014847641,-32634.72182844814,0.15044476876729218
877,w377596096,31.32093481458723,other,2561.2075681511838,2845.7861868346486,3201.5094601889796,nr0,-2631.107941322559,-29047.80909270146,-26416.7011513789,0.15044476876729218
882,w377596101,34.10184732507914,other,2719.0398351984786,3021.155372442754,3398.7997939980983,nr0,-2793.2477602068398,-33056.01099723976,-30262.763237032923,0.15044476876729218
886,w377596106,35.077698366669935,other,2624.4961288604045,2916.1068098448936,3280.6201610755056,nr0,-2696.123770866241,-6183.196909694687,-3487.0731388284457,0.15044476876729218
893,w377596115,40.14825235735625,other,3086.776457577385,3429.7516195304274,3858.470571971731,nr0,-3171.020635583242,-38200.01765022417,-35028.997014640925,0.15044476876729218
895,w377596117,32.339281557500364,other,2903.0113191668065,3225.5681324075626,3628.764148958508,nr0,-2982.240186461215,-35941.387727330744,-32959.147540869526,0.15044476876729218
899,w377596123,32.752713098051025,other,2912.2929510557647,3235.8810567286273,3640.3661888197057,nr0,-2991.7751322716017,-37288.36882842021,-34296.59369614861,0.15044476876729218
901,w377596125,37.63718191203661,other,2968.0757322644113,3297.861924738235,3710.094665330514,nr0,-3049.0803348847094,-36204.15176078787,-33155.07142590316,0.15044476876729218
909,w377596135,73.15242530554532,other,4985.68292624619,5539.6476958291,6232.103657807736,nr0,-5121.751982652396,-53509.63686222582,-48387.88487957343,0.15044476876729218
916,w377596142,40.572792674647644,other,3153.678905289272,3504.087672543635,3942.0986316115896,nr0,-3239.7489821872346,-40205.551478905065,-36965.80249671783,0.15044476876729218
917,w377596143,37.61386710904771,other,2748.43635336064,3053.818170400711,3435.5454417008,nr0,-2823.446566951553,-35077.302837777264,-32253.856270825712,0.15044476876729218
918,w377596145,32.806498026452026,other,2589.829421832305,2877.5882464803385,3237.286777290381,nr0,-2660.5109414746044,-28739.475067810894,-26078.96412633629,0.15044476876729218
919,w377596147,34.850180151499806,other,2621.5061289516325,2912.784587724036,3276.8826611895406,nr0,-2693.052168001112,-30410.093004112645,-27717.040836111533,0.15044476876729218
929,w377596159,36.51154847629368,other,2508.1283018432346,2786.8092242702605,3135.160377304043,nr0,-2576.5800378292743,-32419.586021052273,-29843.005983223,0.15044476876729218
931,w377596161,32.13265920560807,other,2551.815615724166,2835.350684137962,3189.769519655207,nr0,-2621.45966411046,-31951.32275872892,-29329.863094618457,0.15044476876729218
934,w377596166,38.724472055921794,other,3066.4655687778773,3407.1839653087522,3833.081960972346,nr0,-3150.1554228296036,-39319.945181464296,-36169.789758634695,0.15044476876729218
935,w377596167,41.94859704792034,other,3135.381390647151,3483.7571007190563,3919.2267383089384,nr0,-3220.952092516905,-41680.67861702527,-38459.72652450836,0.15044476876729218
936,w377596168,31.29673577034846,other,2522.415142612642,2802.683491791824,3153.018928265802,nr0,-2591.2567944780653,-5942.698616797672,-3351.4418223196067,0.15044476876729218
937,w377596169,36.7579496475868,other,3079.9807706570064,3422.2008562855626,3849.975963321258,nr0,-3164.0394810507896,-34810.72618658877,-31646.68670553798,0.15044476876729218
940,w379327852,945.496160332486,other,39120.59763730627,43467.33070811808,48900.74704663284,nr1,-32775.49899472708,-424648.41943443613,-391872.92043970904,0.12269504769893493
941,w379327862,94.51021252730861,other,9082.387439005031,10091.541598894479,11352.984298756288,nr1,-7609.285091620306,-96839.7593366142,-89230.4742449939,0.12269504769893493
942,w387435839,5391.653077106131,other,167602.8044439928,186225.3382711031,209503.505554991,nr2,-129263.99252350353,-296449.5650173091,-167185.57249380555,0.11294824484434664
943,w387435840,942.2609318409114,other,56722.02841852457,63024.47602058285,70902.5355231557,nr2,-43746.97596340198,-451506.510686612,-407759.53472321003,0.11294824484434664
944,w390787314,132.5826213063672,other,10013.916374692817,11126.573749658686,12517.395468366021,nr1,-8389.726279616854,-89179.17833804354,-80789.45205842669,0.12269504769893493
945,w390787315,330.5195846647024,other,28485.41101984038,31650.456688711532,35606.76377480047,nr1,-23865.268340247483,-208707.97111781,-184842.70277756252,0.12269504769893493
946,w390787316,150.59577141329646,other,13078.061019648496,14531.178910720551,16347.576274560619,nr1,-10956.88720751311,-124544.94405154903,-113588.05684403592,0.12269504769893493
947,w390789514,104.66224040389062,trade,10394.408347828157,11549.342608697953,12993.010434785196,nr1,-8708.505005816747,-183634.58635634565,-174926.0813505289,0.12269504769893493
948,w390789515,335.6007874913513,trade,25652.972341607096,28503.30260178566,32066.21542700887,nr1,-21492.232224803993,-154103.76575184215,-132611.53352703815,0.12269504769893493
949,w390790006,38.98714106846601,trade,2776.5155595337164,3085.017288370796,3470.6444494171456,nr0,-2852.2921096817518,-59231.28886852083,-56378.99675883908,0.15044476876729218
950,w390793102,268.1788772383239,sfh,31420.987645211826,34912.208494679806,39276.23455651478,r1,-28169.904361326742,-64600.81865081801,-36430.914289491266,0.12269994340301416
951,w390793103,629.0808588726446,th,78291.30546680378,86990.33940755976,97864.13183350473,r2,-64612.15102733549,-417506.97111502173,-352894.82008768624,0.11294824484434664
952,w390793104,761.76513240356,mfh,85337.17080302311,94819.07867002567,106671.46350377888,r2,-70426.95399310159,-381119.82814099186,-310692.87414789025,0.11294824484434664
953,w390793105,324.12222724705936,th,47727.396456343995,53030.44050704888,59659.245570429994,r1,-42789.11308490384,-296470.22315148346,-253681.11006657963,0.12269994340301416
954,w390793106,1475.9963392082602,mfh,146126.40924925718,162362.6769436191,182658.01156157147,r2,-120595.02095668257,-518498.88452964165,-397903.8635729591,0.11294824484434664
955,w390793107,895.6360460046678,mfh,92214.5652672699,102460.62807474434,115268.20658408738,r2,-76102.7215275552,-440040.60301132547,-363937.88148377027,0.11294824484434664
956,w390793108,191.13955350043253,mfh,22246.443360300887,24718.270400334317,27808.054200376107,r1,-19944.63665227425,-115062.38214986268,-95117.74549758843,0.12269994340301416
957,w390793793,117.72837251536548,mfh,13068.540404700118,14520.600449666797,16335.675505875146,r1,-11716.357789238256,-81420.48292100267,-69704.1251317644,0.12269994340301416
958,w390794364,193.62503421532455,sfh,23389.779846229438,25988.644273588263,29237.224807786795,r1,-20969.673797035382,-135888.49897040418,-114918.8251733688,0.12269994340301416
959,w475684695,267.0884538785554,mfh,33086.790718693905,36763.10079854878,41358.48839836738,r1,-29663.349245830403,-184288.83849392078,-154625.48924809037,0.12269994340301416
960,w620369477,3702.806372543797,other,347500.96472715086,386112.1830301676,434376.20590893854,nr2,-268010.8024171591,-614646.695072956,-346635.89265579695,0.11294824484434664
961,w620369478,24576.432603572313,other,1572802.1855273496,1747557.9839192773,1966002.7319091868,nr2,-1213026.7785518803,-2781913.6159721185,-1568886.8374202382,0.11294824484434664
962,w993163452,1412.2592688187956,other,71154.07595447612,79060.08439386236,88942.59494309514,nr2,-54877.72100657035,-536082.8983700088,-481205.1773634385,0.11294824484434664
963,w993163453,1332.9638601019979,other,156760.6914623839,174178.54606931543,195950.86432797986,nr2,-120901.99156508876,-277272.44153223914,-156370.4499671504,0.11294824484434664
964,w993163454,1257.084109787643,other,60204.9441591848,66894.38239909422,75256.18019898099,nr2,-46433.18157764721,-425015.78027508,-378582.5986974328,0.11294824484434664
965,w993163455,1355.0658122852444,mfh,181429.15918627335,201587.95465141482,226786.44898284168,r2,-149729.63043867552,-343368.4608422758,-193638.8304036003,0.11294824484434664
966,w993163456,1286.649396429956,mfh,129355.0181475179,143727.79794168656,161693.77268439735,r2,-106753.94820482303,-581236.7870095248,-474482.83880470175,0.11294824484434664
967,w993163457,923.1744978809729,ab,96216.07285916488,106906.74762129431,120270.0910739561,r2,-79405.08072725171,-423267.63335912814,-343862.55263187643,0.11294824484434664
968,w993163458,923.3917086940259,ab,97802.99724131839,108669.9969347982,122253.74655164797,r2,-80714.73570410143,-433675.05023487494,-352960.3145307735,0.11294824484434664
969,w993163460,1313.604391914094,ab,126121.06857010159,140134.5206334462,157651.33571262698,r2,-104085.03832696428,-576439.5875168398,-472354.5491898756,0.11294824484434664
970,w993163461,1099.8535498690792,ab,120318.08719600941,133686.76355112155,150397.60899501175,r2,-99295.96108887123,-550455.624370696,-451159.6632818248,0.11294824484434664
971,w993164648,339.2063429396599,ab,36458.36927955154,40509.29919950171,45572.96159943942,r1,-32686.07554197636,-203931.79242027315,-171245.7168782968,0.12269994340301416
972,w993164649,158.37299746889622,other,12549.447716837025,13943.830796485583,15686.80964604628,nr1,-10514.011438192685,-115601.57305257808,-105087.5616143854,0.12269504769893493
973,w993164650,163.5844805765897,other,12044.021948149162,13382.246609054624,15055.027435186452,nr1,-10090.562340427856,-107857.79573358821,-97767.23339316035,0.12269504769893493
974,w993164651,162.24389737509188,other,11336.494385669923,12596.10487296658,14170.617982087402,nr1,-9497.791004780725,-105120.70897983169,-95622.91797505096,0.12269504769893493
975,w993164652,173.63842588849366,other,12556.97055033551,13952.18950037279,15696.213187919388,nr1,-10520.314118536504,-112845.96147104686,-102325.64735251035,0.12269504769893493
976,w1006795433,259.34726619906723,mfh,31283.195149890133,34759.10572210015,39103.99393736266,r1,-28046.36905241954,-165422.78643913154,-137376.41738671198,0.12269994340301416
977,w1006849999,188.95288848243652,other,12644.40752996426,14049.341699960289,15805.509412455325,nr1,-10593.569406313376,-113890.0427024027,-103296.47329608933,0.12269504769893493
978,w1007159125,240.08975319266318,education,22206.010780806977,24673.34531200775,27757.51347600872,nr1,-18604.34471811798,-42666.560048540436,-24062.215330422456,0.12269504769893493
979,w1007160095,265.99824453517795,sfh,28437.766840559958,31597.518711733286,35547.20855069994,r1,-25495.35301670758,-177630.17910671723,-152134.82609000965,0.12269994340301416
980,w1007176059,713.9090096209663,trade,45167.83595124746,50186.484390274956,56459.79493905933,nr1,-37841.91579942448,-86785.33951456948,-48943.423715145,0.12269504769893493
981,w1029411791,412.32884333096445,trade,23240.69557089455,25822.99507877172,29050.869463618186,nr1,-19471.210572565844,-200553.48940569072,-181082.27883312487,0.12269504769893493
982,w1030080397,647.4037659055554,other,30422.213991252178,33802.4599902802,38027.76748906522,nr1,-25487.934855494077,-283202.3688126273,-257714.4339571332,0.12269504769893493
983,w1030080398,82.43980309991166,other,7089.621583627785,7877.357315141983,8862.02697953473,nr1,-5939.732496969795,-65021.30451432679,-59081.57201735699,0.12269504769893493
984,w1030080399,130.20905953024047,other,6255.876933544945,6950.974370605494,7819.846166931181,nr1,-5241.215639073172,-67701.07549770089,-62459.85985862772,0.12269504769893493
985,w1036126248,1409.4026292502879,trade,60736.57143576485,67485.07937307205,75920.71429470605,nr2,-46843.20016017097,-467260.562434668,-420417.36227449705,0.11294824484434664
986,w1036126249,536.9865712554193,mfh,59317.32456095304,65908.13840105894,74146.6557011913,r2,-48953.32770629096,-286933.7094348068,-237980.38172851581,0.11294824484434664
987,w1036126250,784.2879224468953,mfh,84940.72589415395,94378.58432683772,106175.90736769243,r2,-70099.77643266696,-362691.70554091845,-292591.92910825147,0.11294824484434664
988,w1036126251,633.702721744962,mfh,62870.91110925241,69856.56789916934,78588.6388865655,r2,-51886.02718522328,-302402.3569447474,-250516.3297595241,0.11294824484434664
989,w1036680208,878.3984476357698,mfh,86287.84391211272,95875.38212456969,107859.80489014089,r2,-71211.52431206466,-410689.0719002688,-339477.54758820415,0.11294824484434664
990,w1075387093,123.65970199238508,other,6010.464389760946,6678.293766401051,7513.080487201182,nr1,-5035.607364458896,-11548.487584586772,-6512.880220127876,0.12269504769893493
991,w1075387094,123.85316019924358,other,4987.61080940541,5541.789788228233,6234.513511756762,nr0,-5123.732481520681,-43593.26373712968,-38469.531255609,0.15044476876729218
992,w1075387095,130.11354850369972,other,4990.3670616570325,5544.852290730036,6237.95882707129,nr0,-5126.563957297073,-43595.02447725483,-38468.460519957756,0.15044476876729218
993,w1075387096,86.78853361294604,other,5649.852081956811,6277.613424396457,7062.315102446014,nr1,-4733.483955161858,-44594.33542548124,-39860.85147031938,0.12269504769893493
994,w1075387097,130.27800867820625,other,5051.300796211296,5612.556440234774,6314.125995264119,nr1,-4232.01367482195,-42988.31055264532,-38756.29687782337,0.12269504769893493
995,w1075387098,130.18280181584413,other,4977.91264194177,5531.014046601967,6222.390802427212,nr0,-5113.769632063586,-43301.05243118429,-38187.2827991207,0.15044476876729218
996,w1075387099,86.85200681062415,other,7575.118659926242,8416.798511029157,9468.898324907801,nr1,-6346.485202633692,-71455.72011149913,-65109.234908865445,0.12269504769893493
997,w1107949539,96.97299528406002,other,7923.121574022087,8803.468415580097,9903.901967527609,nr1,-6638.044377338975,-73540.13543604128,-66902.09105870231,0.12269504769893493
998,w1107949540,113.13991883732378,other,8157.364299915655,9063.738111017394,10196.705374894567,nr1,-6834.294503633707,-72456.9734950548,-65622.6789914211,0.12269504769893493
999,w1108636740,113.13954655230044,other,8361.800791725025,9290.889768583362,10452.25098965628,nr1,-7005.572767169075,-16066.338034134,-9060.765266964925,0.12269504769893493
1000,w1108636741,113.13967058397829,other,7247.532214373703,8052.813571526336,9059.415267967128,nr1,-6072.0310821614985,-55446.0299961473,-49373.9989139858,0.12269504769893493
1001,w1108636742,113.35190696045755,other,7303.781395516832,8115.312661685369,9129.726744396039,nr1,-6119.1570232604345,-56167.425081611276,-50048.26805835084,0.12269504769893493
1002,w1108636743,97.02220907397567,other,8453.891559526835,9393.212843918705,10567.364449408544,nr1,-7082.727029879864,-73452.72069222362,-66369.99366234375,0.12269504769893493
1003,w1108636744,97.02139693088829,other,6248.726776387279,6943.02975154142,7810.908470484098,nr1,-5235.225189466396,-49997.648122895436,-44762.42293342904,0.12269504769893493
1004,w1108636745,97.02220705058426,other,6048.888416938702,6720.987129931891,7561.1105211733775,nr1,-5067.799272052275,-47156.06977384842,-42088.27050179615,0.12269504769893493
1005,w1108636746,96.97299731615931,other,6049.561825818009,6721.73536202001,7561.952282272511,nr1,-5068.363458526403,-47132.70786747283,-42064.34440894643,0.12269504769893493
1006,w1108636747,96.97299630921333,other,6202.819940804039,6892.022156448932,7753.524926005049,nr1,-5196.764134820474,-49202.33365988805,-44005.56952506758,0.12269504769893493
1007,w1108636748,93.15071205198764,other,7045.0216613188595,7827.801845909844,8806.277076648574,nr1,-5902.366383027632,-61489.4412718418,-55587.07488881417,0.12269504769893493
1008,w1108636749,139.88183319568634,other,5441.7803102278685,6046.422566919854,6802.225387784835,nr1,-4559.160029736198,-45849.28441033487,-41290.124380598674,0.12269504769893493
1009,w1108636750,93.15088384076952,other,5863.672091486892,6515.191212763213,7329.590114358614,nr1,-4912.623792757862,-44839.54626555963,-39926.922472801765,0.12269504769893493
1010,w1108636751,93.25580895952879,other,5832.9253094161995,6481.028121573555,7291.156636770249,nr1,-4886.863932589262,-44415.933680012495,-39529.06974742323,0.12269504769893493
1011,w1108636752,93.1510556358844,other,5629.999614509299,6255.555127232555,7037.499518136624,nr1,-4716.851424828316,-44458.94293969362,-39742.0915148653,0.12269504769893493
1012,w1108636753,139.8823491225019,other,4854.780198867296,5394.200220963662,6068.47524858412,nr0,-4987.276663341979,-43218.32168879672,-38231.04502545474,0.15044476876729218
1013,w1108636754,139.72684112749994,other,7066.907999463319,7852.119999403688,8833.634999329148,nr1,-5920.70290386769,-71455.60208609203,-65534.89918222433,0.12269504769893493
1014,w1159236388,245.9913005110109,other,17149.129849187924,19054.588721319917,21436.412311484903,nr1,-14367.655968437944,-187777.1348053263,-173409.47883688836,0.12269504769893493
1015,w1159236389,122.96537718712352,other,11222.72567350126,12469.695192779178,14028.407091876574,nr1,-9402.474814933987,-127905.51224694081,-118503.03743200682,0.12269504769893493
1016,w1159236390,245.9301320978673,other,9428.985621534852,10476.650690594279,11786.232026918564,nr1,-7899.6673728011865,-139810.3864547092,-131910.719081908,0.12269504769893493
1017,w1219742100,99.15745026543736,other,6788.419943757584,7542.688826397316,8485.52492969698,nr1,-5687.383743602037,-66693.89846534221,-61006.51472174017,0.12269504769893493
1018,w1219742101,712.9843652665614,other,24432.49089475455,27147.21210528283,30540.613618443185,nr1,-20469.704685596564,-235530.6790665773,-215060.9743809807,0.12269504769893493
1019,w1219742102,331.85329187787136,other,17200.104959110176,19111.22773234464,21500.13119888772,nr1,-14410.363257306652,-156638.15726358502,-142227.79400627836,0.12269504769893493
1020,w1219742103,428.8500157676637,other,15792.142200900715,17546.82466766746,19740.17775112589,nr1,-13230.762618427329,-152035.79063019252,-138805.0280117652,0.12269504769893493
1021,w1219742104,906.7466930493712,other,37154.740785351154,41283.045317056836,46443.42598168894,nr1,-31128.490943562014,-71389.00338534963,-40260.512441787614,0.12269504769893493
1022,w1219742105,1260.638449399173,ab,126771.64982507068,140857.38869452296,158464.56228133835,r2,-104621.94921446299,-609525.8563773773,-504903.9071629143,0.11294824484434664
1023,w1219929093,501.3837405549362,other,32812.4852236136,36458.31691512622,41015.606529517,nr1,-27490.52012015981,-284783.7376275233,-257293.2175073635,0.12269504769893493
1024,w1242595698,177.05818741209805,other,9161.069990244341,10178.966655827046,11451.337487805426,nr1,-7675.205860596168,-87464.21512320796,-79789.0092626118,0.12269504769893493
1025,w1242595699,175.70056665593293,other,8844.531223545611,9827.256915050679,11055.664029432013,nr1,-7410.007559539725,-81315.32827343325,-73905.32071389352,0.12269504769893493
